65
76
217
257
337
518
645
690
802
821
839
895
993
1219
1254
1361
1368
1416
1443
1569
1576
1828
1924
2056
2170
2183
2335
2397
2492
2525
2662
2696
2752
2951
3064
3477
3513
3846
3868
3963
4066
4086
4290
4296
4297
4340
4367
4449
4603
4627
4737
4823
4847
4980
5085
5154
5397
5666
5914
6137
6440
6445
6563
6668
6850
6867
6872
7017
7325
7366
7403
7435
7519
7560
7667
7756
7789
7869
8163
8168
8370
8502
8560
8729
8752
8785
8886
8918
9141
9255
9371
9490
9607
9636
9777
9835
9986
10205
10212
10249
10250
10253
10415
10507
10548
10562
10720
10730
10737
10828
10906
11041
11044
11134
11197
11411
11458
11596
11599
11716
11806
11834
11937
12177
12178
12262
12528
12630
12928
13018
13062
13290
13333
13531
13580
13604
13617
13626
13653
13731
13775
13834
14015
14066
14073
14175
14184
14236
14280
14308
14321
14347
14394
14636
14661
14774
14878
15102
15266
15342
15343
15374
15482
15531
15612
15663
15713
15719
15866
15949
16012
16120
16204
16408
16447
16499
16539
16597
16623
16746
16764
16800
16841
16891
16986
17019
17067
17077
17210
17381
17455
17565
17660
17729
17802
17847
17859
17922
17944
18014
18133
18286
18294
18314
18367
18496
18530
18571
18760
18829
18945
19069
19119
19157
19234
19314
19328
19542
19811
19916
19936
20164
20171
20316
20631
20923
20939
21060
21215
21234
21276
21288
21530
21573
21683
21730
21910
21945
21991
21995
21999
22171
22210
22401
22474
22614
22713
22775
22828
22846
22883
23014
23218
23455
23782
23836
23873
24089
24100
24126
24139
24413
24528
24539
24541
24548
24647
24669
24726
24811
24904
24916
25098
25106
25170
25303
25363
25519
25668
25806
25839
25969
26122
26136
26157
26311
26406
26459
26584
26678
26857
26874
26957
27021
27183
27424
27432
27487
27624
27857
27918
27956
27983
28050
28078
28118
28256
28340
28425
28565
28693
28748
28808
28809
28876
28929
28952
29034
29769
29772
29812
29923
29971
30018
30035
30101
30230
30255
30422
30469
30567
30593
31175
31188
31232
31232
31437
31489
31557
31747
31913
31925
31926
32020
32251
32254
32345
32471
32683
32729
32825
32846
32879
32893
32927
33041
33149
33244
33588
33590
33690
33699
33717
33790
33850
33851
33882
34042
34083
34116
34180
34182
34217
34276
34291
34460
34599
34758
34760
34909
34932
35202
35354
35381
35498
35498
35499
35501
36178
36350
36744
36775
36779
36851
37016
37060
37122
37131
37188
37292
37331
37362
37435
37436
37462
37500
37587
37737
37838
37879
38011
38048
38136
38254
38287
38589
38652
38875
38907
38955
39208
39372
39617
39674
39830
39970
40151
40165
40182
40277
40342
40516
40572
40627
40673
40835
41033
41348
41432
41519
41578
41610
41648
41764
41803
41806
41948
41956
41981
42209
42269
42289
42434
42476
42581
42752
42805
43085
43096
43116
43239
43314
43315
43392
43402
43415
43526
43558
43604
43885
44027
44085
44092
44266
44367
44565
44643
44683
44869
45324
45401
45471
45506
45519
45661
45664
45745
45897
45989
46072
46101
46136
46138
46238
46340
46759
46840
46901
46911
46913
46941
47033
47063
47381
47456
47825
47866
47929
47956
47972
48068
48171
48188
48422
48477
48515
48594
48624
48876
48962
49067
49358
49471
49564
49626
49681
49759
49774
49812
49876
49971
50044
50066
50460
50676
50705
50922
51059
51412
51506
51527
51567
51596
51833
52021
52066
52103
52329
52341
52411
52572
52635
52714
52721
52872
52915
52945
53003
53042
53087
53488
53697
53980
53986
53987
53995
54078
54210
54441
54486
54617
54651
54710
54715
54727
54972
55344
55492
55553
55557
55558
55715
55721
55816
55836
55854
56159
56774
56805
56871
57266
57287
57498
57518
57519
57573
57595
57679
57841
58177
58205
58405
58472
58642
58771
58959
59217
59372
59410
59432
59458
59525
59688
60151
60386
60448
60453
60543
60547
60595
60663
60742
60762
60774
60816
60852
60887
61111
61118
61185
61488
61603
61643
61650
61744
61762
61819
62107
62126
62375
62480
62694
62781
62902
63027
63056
63105
63142
63217
63446
63613
63651
63664
63789
63931
63952
64033
64190
64235
64292
64308
64368
64444
64651
64661
64711
64869
64941
64985
65106
65145
65328
65370
65437
65469
65579
65861
65976
66274
66447
66471
66529
66563
66582
66671
66783
66826
66838
66840
67120
67277
67299
67554
67863
68148
68347
68545
68692
68751
68760
68773
68773
69233
69365
69455
69471
69485
69504
69564
70090
70171
70180
70226
70444
70554
70711
70782
70858
70929
70943
70994
71007
71130
71144
71444
71574
71616
71680
71681
71705
71713
71736
71836
71879
72083
72119
72123
72183
72187
72337
72450
72624
72651
72706
72956
72970
73061
73072
73086
73146
73265
73311
73324
73358
73454
73522
73769
73820
73988
74044
74128
74353
74435
74749
74852
74862
75045
75124
75170
75192
75205
75323
75454
75613
75614
75697
75719
75864
75879
75920
76053
76201
76277
76493
76628
76638
76778
76940
76954
76988
77113
77531
77694
77696
77813
77820
77980
78071
78223
78250
78363
78629
78666
78739
78782
78989
79080
79096
79101
79140
79260
79293
79331
79345
79385
79416
79641
79643
79737
79755
79795
79923
79958
79962
80044
80229
80257
80319
80397
80455
80475
80523
80626
80709
80836
80938
81082
81097
81145
81213
81242
81258
81386
81399
81422
81454
81467
81486
81512
81681
81682
81733
81748
81838
81884
81904
82003
82055
82212
82418
82456
82497
82555
82563
82567
82665
82778
83051
83150
83285
83306
83332
83735
83735
83887
83957
84152
84205
84402
84533
84559
84640
84660
84859
84946
84958
85004
85118
85127
85352
85376
85548
85924
85961
86149
86261
86314
86581
86671
86844
86893
86987
86987
87051
87284
87358
87383
87384
87496
87505
87586
87789
88186
88265
88275
88295
88440
88445
88445
88454
88574
88596
88836
88994
88999
89091
89105
89144
89179
89253
89343
89363
89377
89454
89498
89631
89711
89915
90031
90079
90161
90162
90175
90196
90199
90208
90362
90517
90579
90587
90665
90673
90950
91087
91298
91618
91689
91828
91891
91913
91947
91984
92362
92591
92600
92673
92830
93023
93070
93088
93254
93405
93534
93537
93588
93966
94023
94054
94179
94577
94591
94885
94927
94983
95014
95031
95071
95252
95299
95381
95387
95605
95608
95867
95891
96155
96231
96342
96346
96355
96384
96652
96747
96907
96924
97117
97134
97233
97245
97247
97332
97401
97601
97675
98034
98268
98278
98480
98834
98947
98964
98991
99180
99185
99445
99541
99643
99700
99788
99982
100099
100287
100324
100505
100517
100599
100652
100673
100918
100958
101124
101254
101355
101430
101459
101505
101541
101587
101599
101688
101690
101774
101808
101834
101850
101931
102038
102079
102086
102149
102287
102442
102686
103083
103099
103150
103274
103353
103383
103414
103453
103479
103548
103562
103720
103749
103750
103857
103991
104026
104532
104583
104608
104788
104797
104939
105016
105179
105358
105367
105399
105412
105430
105515
105701
106019
106056
106108
106131
106199
106499
106522
106554
106717
106986
107034
107122
107233
107266
107389
107575
107596
107601
107707
107729
107754
107783
107853
108012
108121
108294
108454
108502
108791
109218
109433
109500
109529
109876
110046
110209
110247
110394
110505
110605
110994
111398
111405
111431
111561
111650
111695
111704
111790
111945
111957
112021
112050
112074
112106
112176
112460
112715
112911
113021
113177
113182
113221
113243
113551
113622
113693
113725
113753
113790
113803
113823
114053
114101
114270
114275
114489
114769
114976
115218
115275
115333
115618
115644
115784
115816
115837
115839
115892
115912
116006
116125
116150
116152
116159
116247
116489
116512
116631
116686
116771
117021
117094
117151
117156
117181
117193
117207
117243
117272
117273
117317
117343
117375
117548
117625
117908
117978
117982
118041
118070
118076
118157
118162
118333
118504
118640
118708
118717
119003
119108
119287
119452
119458
119485
119506
119558
119644
119915
120042
120176
120266
120275
120393
120523
120526
120570
120719
120826
120832
120948
120986
121004
121689
121690
121849
121952
122030
122071
122102
122184
122272
122295
122352
122360
122382
122685
122947
122950
123061
123063
123066
123192
123386
123402
123503
123541
123893
123895
124051
124088
124093
124116
124224
124334
124394
124413
124658
124737
124825
124912
125014
125057
125253
125355
125488
125497
125535
125796
126457
126504
126511
126548
126594
126691
126754
126795
126804
126985
126998
127004
127060
127117
127147
127394
127577
127690
127763
127967
128391
128530
128547
128727
128813
129007
129132
129219
129507
129533
129549
129672
129727
129764
129799
129827
129992
129997
130026
130035
130046
130048
130274
130275
130283
130447
130498
130515
130531
130686
130744
130830
130908
130971
131131
131389
131420
131459
131528
131639
131734
131846
131919
132095
132128
132270
132296
132327
132471
132474
132636
132732
132771
132957
133060
133253
133682
133720
134302
134318
134366
134368
134565
134671
134678
134791
134817
134857
134958
135065
135419
135458
135519
135520
135621
135761
135778
135980
136060
136277
136416
136429
136458
136602
136733
136848
137132
137137
137183
137202
137217
137217
137221
137222
137251
137305
137330
137334
137388
137420
137633
137737
137741
137756
137761
137905
137913
137943
137960
137981
138155
138236
138239
138300
138318
138465
138679
138698
138789
138802
139043
139129
139238
139381
139539
139550
139606
139694
139747
139794
139813
139833
139858
139963
140038
140051
140311
140344
140391
140459
140540
140586
140684
140697
140746
140823
141250
141441
141638
141672
141921
141966
141969
142037
142166
142173
142225
142245
142420
142439
142530
142731
142742
142788
142908
142960
143002
143145
143373
143460
143466
143628
143727
143788
144130
144153
144165
144297
144303
144319
144335
144419
144558
144595
144627
144654
144709
144751
144840
144911
144922
145079
145235
145265
145360
145431
145471
145473
145626
145775
145806
145837
146080
146147
146158
146400
146553
146561
146786
147068
147100
147256
147428
147559
147564
147609
147706
147742
147848
147859
147991
148027
148077
148141
148385
148404
148496
148614
148766
148808
149103
149241
149250
149456
149549
149795
149920
149959
150034
150141
150276
150321
150470
150641
150669
150674
150811
150878
150909
151016
151026
151079
151172
151188
151310
151462
151601
151731
151854
151918
152053
152090
152120
152172
152275
152295
152344
152398
152481
152575
152652
152690
152806
152831
152856
152884
152903
152925
153034
153055
153059
153061
153085
153231
153478
153559
153642
153648
153768
153907
154081
154135
154204
154484
154488
154490
154518
154589
154726
154839
154850
154853
155105
155171
155277
155464
155528
155540
155641
155681
155752
155760
155851
155989
156057
156229
156305
156385
156492
156524
156862
156892
157140
157159
157288
157416
157508
157569
157603
157968
157998
158039
158134
158182
158185
158276
158282
158324
158496
158575
158640
158840
158943
159035
159048
159088
159089
159096
159225
159303
159323
159359
159426
159439
159469
159502
159557
159662
160075
160159
160363
160381
160586
160653
160769
160775
160779
160968
161339
161370
161422
161456
161574
161626
161922
161939
162163
162249
162276
162639
162883
162994
163135
163294
163344
163363
163403
163417
163503
163570
163602
163612
163752
163756
163799
163819
163921
163970
164759
164837
164999
165169
165558
165581
165639
166133
166326
166337
166390
166426
166460
166478
166539
166682
166691
166836
166853
167011
167210
167414
167605
167782
168143
168226
168228
168346
168669
168737
168803
168883
168931
168949
168971
169120
169180
169289
169465
169511
169547
170038
170045
170169
170202
170371
170483
170542
170661
170838
170866
171071
171329
171411
171744
171779
171820
171835
171835
172171
172354
172382
172769
172779
172938
173090
173172
173186
173216
173361
173367
173604
173682
173813
173820
173827
173877
173995
173999
174031
174039
174247
174369
174659
174901
174982
175003
175018
175059
175156
175429
175488
175916
175944
176054
176063
176072
176266
176325
176355
176541
176853
176929
176982
176986
177132
177141
177232
177536
177601
177776
177795
178007
178024
178051
178078
178221
178272
178361
178380
178412
178759
178992
179076
179789
179810
179831
179998
180241
180246
180473
180551
180730
180732
180792
180907
180953
181006
181102
181459
181803
181882
181999
182071
182204
182249
182328
182357
182378
182408
182583
182661
182940
182982
183150
183164
183165
183223
183282
183287
183335
183374
183439
183460
183610
183620
183629
183668
183673
183733
183872
183932
184155
184303
184336
184408
184682
184704
184804
184804
184813
184887
184958
184969
185284
185448
185452
185670
185795
185917
186022
186060
186076
186116
186125
186151
186481
186499
186523
186751
187032
187233
187276
187286
187325
187360
187529
187549
187554
187643
187716
187732
187734
187815
187853
187871
187933
188001
188025
188091
188238
188540
188609
188761
188797
188829
189012
189094
189151
189172
189254
189348
189407
189560
189724
189893
189894
190031
190046
190322
190508
190556
190584
190692
190833
190837
190947
190954
191204
191240
191387
191516
191601
191698
191740
191842
191868
191947
192071
192166
192437
192527
192561
192580
192602
192620
192697
192723
192770
192778
192798
192878
192889
192912
193003
193131
193314
193338
193524
193583
193633
193787
194034
194072
194115
194283
194299
194539
194607
194622
194655
194751
194809
195200
195285
195572
195683
196120
196162
196528
196576
196620
196874
197294
197301
197302
197487
197494
197511
197550
197604
197709
197764
197920
198043
198093
198185
198314
198374
198587
198870
198904
199053
199157
199371
199557
199695
199712
199890
200151
200240
200498
200556
200581
200676
200808
200881
200912
201031
201465
201489
201520
201562
201813
201830
201865
201911
201920
201946
202203
202204
202230
202259
202369
202843
203014
203065
203284
203337
203338
203688
203777
203859
203954
203987
204000
204083
204136
204146
204300
204478
204510
204574
205129
205344
205446
205595
205612
205771
205930
206107
206204
206229
206367
206420
206522
206545
206652
206760
206784
207142
207294
207327
207670
207860
208154
208158
208173
208227
208518
208556
208576
208589
208649
208807
209083
209090
209176
209262
209336
209484
209499
209588
209727
209728
209837
209890
210069
210094
210216
210350
210410
210496
210553
210651
210880
210882
210993
211040
211065
211069
211146
211198
211200
211477
211554
211593
211615
211991
212107
212233
212268
212323
212442
212577
212622
212666
212695
212783
212841
212873
212898
212965
212984
213146
213285
213484
213681
213707
213819
213983
214048
214123
214146
214203
214382
214404
214461
214534
214670
214680
214822
214825
214931
215065
215117
215262
215383
215626
215696
215791
215923
215943
216119
216228
216368
216539
216659
216859
216978
217118
217151
217228
217249
217465
217639
217698
217976
218003
218040
218216
218218
218264
218770
218858
218907
218911
218958
219353
219521
219621
219705
219824
219863
220030
220190
220386
220477
220549
220630
220704
220743
220872
220926
220997
221079
221173
221255
221305
221434
221469
221556
221748
221770
222174
222236
222252
222430
222490
222592
222676
222835
222940
223062
223353
223363
223387
223484
223519
223778
224034
224066
224499
224589
224719
224780
224780
224795
224848
224853
224859
224893
224895
224937
224964
225009
225020
225190
225607
225607
225727
225728
225820
225903
226114
226121
226275
226342
226430
226525
226705
226746
226877
226895
226968
227002
227090
227098
227157
227424
227425
227439
227625
227714
227722
227863
227914
228018
228199
228411
228458
228523
228582
228591
228600
228648
228666
228674
228694
228861
228869
228919
229279
229326
229385
229391
229424
229478
229569
230209
230258
230263
230336
230596
230624
230643
230648
230837
230956
230968
231092
231122
231209
231291
231334
231434
231600
231651
231857
231929
231985
232026
232100
232103
232158
232190
232220
232229
232248
232258
232424
232740
232773
232990
233242
233246
233262
233272
233274
233385
233494
233502
233657
233658
233988
234012
234109
234112
234317
234522
234556
234695
234871
235067
235072
235123
235188
235440
235451
235470
235547
235606
235635
235719
235859
235951
236052
236186
236319
236420
236516
236567
236835
236933
236977
237066
237149
237186
237343
237594
237715
237794
237959
238114
238184
238200
238302
238321
238649
238796
239019
239066
239347
239350
239364
239370
239573
239580
239741
239761
239792
239811
239877
239934
239983
239985
240027
240125
240208
240568
240583
240746
240888
240989
241080
241096
241162
241209
241264
241410
241467
241691
241873
241940
242028
242132
242253
242274
242369
242500
242610
242892
242950
243021
243305
243445
243505
243554
243572
243697
243870
244019
244215
244352
244489
244498
244503
244515
244522
244576
244655
244778
244882
244900
245215
245407
245685
245695
245712
245780
245830
245900
246168
246249
246277
246301
246306
246552
246556
246769
246895
246952
247096
247247
247261
247368
247441
247473
247700
247815
248069
248238
248277
248297
248370
248403
248412
248505
248562
249096
249214
249291
249372
249453
249470
249504
249746
249812
249898
249926
250180
250202
250292
250391
250430
250460
250508
250742
250927
251006
251135
251161
251210
251289
251307
251339
251359
251495
251497
251536
251663
251663
251727
251781
251908
251949
251971
252117
252140
252180
252308
252458
252525
252771
252966
253142
253307
253392
253405
253548
253589
253589
253606
253688
253693
253828
253890
253952
254133
254159
254167
254224
254285
254292
254296
254434
254522
254625
254672
254727
254815
254868
255148
255163
255274
255290
255494
255585
255690
255761
255843
255897
256008
256433
256527
256719
256725
256817
256884
256961
257132
257353
257396
257471
257719
257899
257963
257965
257983
258165
258309
258348
258434
258446
258597
258688
258850
258933
259000
259148
259208
259210
259269
259310
259373
259437
259530
259685
259692
259715
259746
259771
260042
260314
260368
260370
260556
260595
260641
260859
261025
261152
261159
261260
261577
261619
262119
262180
262315
262462
262558
262671
262887
262944
263123
263149
263192
263206
263215
263220
263374
263467
263480
263661
264281
264370
264385
264528
264531
264557
264760
264868
264961
264982
265008
265165
265202
265206
265485
265543
265724
265758
265911
265923
266042
266128
266425
266481
266484
266621
266657
266677
266805
267031
267219
267299
267352
267597
267685
267687
267762
267975
268099
268105
268108
268134
268183
268742
268877
268973
269048
269121
269491
269557
269632
269739
269835
270070
270141
270160
270211
270253
270315
270519
270640
270655
270658
270783
270971
270998
271067
271113
271321
271361
271372
271386
271563
271776
271820
271845
271880
271944
271956
271964
271976
271977
272094
272171
272222
272242
272276
272334
272337
272382
272403
272452
272484
272499
272575
273057
273098
273243
273306
273698
273716
273738
273751
273867
274097
274125
274158
274256
274289
274528
274767
274862
274892
275003
275013
275014
275258
275358
275398
275452
275525
275747
275763
275845
275864
276138
276171
276204
276281
276591
276625
276654
276657
276778
276973
276987
276999
277030
277043
277123
277181
277249
277417
277430
277483
277772
277837
277900
277950
277970
278046
278118
278535
278673
278695
278762
278817
278899
278968
279134
279229
279272
279494
279636
279661
280001
280199
280223
280224
280374
280407
280497
280555
280697
280703
280817
280866
280924
280970
281221
281318
281608
281771
281838
281862
281968
281987
282271
282302
282319
282376
282451
282570
282594
282681
282726
282820
282826
282868
282894
283230
283529
283539
283581
283702
284058
284075
284084
284114
284306
284379
284587
284758
284769
284856
284994
284999
285093
285117
285141
285226
285251
285273
285460
285493
285574
285629
285729
285791
285895
285903
285934
285950
286277
286296
286382
286418
286442
286520
286640
286659
286736
286793
286861
286917
287289
287323
287578
287588
287591
287767
287949
287983
288029
288157
288170
288187
288210
288507
288862
289009
289089
289141
289266
289392
289447
289655
289689
289874
289938
290044
290424
290459
290545
290574
290644
290668
290736
290784
290801
290803
290828
290921
291013
291015
291058
291192
291219
291249
291491
291533
291563
291666
291798
291818
291836
292100
292239
292245
292410
292869
292966
293067
293597
293628
293880
293949
294099
294170
294198
294200
294260
294265
294265
294276
294335
294464
294539
294637
294706
294720
294807
294858
294858
294885
294984
295004
295065
295084
295140
295217
295224
295298
295318
295398
295701
295843
296056
296097
296165
296306
296363
296387
296778
296893
297001
297362
297378
297435
297576
297718
297744
297850
297850
298094
298140
298237
298319
298338
298348
298443
298640
298800
298861
299013
299027
299401
299416
299483
299587
299629
299828
299843
299857
299907
299925
300082
300123
300443
300632
300699
300765
300829
300877
300946
301049
301214
301383
301431
301745
301816
301865
301873
302072
302075
302098
302205
302343
302407
302421
302464
302659
302674
302677
302891
303066
303123
303169
303362
303375
303475
303520
303686
303690
303722
303722
303919
304086
304175
304312
304322
304333
304435
304636
304652
304794
304911
304934
304959
305037
305131
305151
305204
305280
305321
305381
305497
305567
305709
305747
305761
305810
305861
306102
306245
306519
306549
306681
306733
306808
306878
306901
306925
307141
307216
307368
307578
307907
307918
307974
307983
307995
308164
308433
308596
308629
308724
308980
308983
309000
309022
309042
309235
309284
309442
309465
309485
309670
309737
309794
310539
310675
310747
310817
310842
310941
311034
311122
311152
311164
311327
311403
311584
311687
311806
311810
311839
311904
312018
312279
312311
312328
312429
312867
312908
312958
313143
313165
313246
313266
313367
313443
313478
313494
313622
313731
313851
313867
314048
314076
314079
314099
314313
314333
314549
314611
314809
314835
314879
314897
314945
315117
315138
315145
316019
316277
316325
316363
316418
316433
316505
316586
316618
316695
316739
316829
316829
316954
317023
317362
317436
317579
317626
318005
318005
318093
318129
318192
318312
318329
318367
318547
318603
318628
318755
319079
319256
319359
319387
319499
319532
319753
319859
319923
320099
320246
320262
320300
320364
320425
320514
320519
320805
321051
321060
321261
321394
321422
321597
321670
321682
321713
321833
321845
321937
321973
322369
322434
322598
322619
322668
322895
322964
323255
323365
323527
323606
323700
323843
323845
323927
324104
324124
324323
324399
324653
324904
325095
325156
325182
325527
325559
325623
325844
325861
325876
326012
326078
326153
326232
326299
326315
326393
326412
326424
326472
326534
326619
326635
327089
327254
327307
327335
327395
327439
327464
327661
327718
327841
327858
327890
328241
328274
328338
328385
328493
328557
328588
328600
328620
328691
328767
328857
328909
329073
329097
329102
329180
329189
329193
329227
329405
329411
329426
329560
329593
329709
329832
329934
329939
330135
330467
330605
330704
330717
330818
330993
331061
331203
331225
331290
331326
331393
331493
331553
331589
331619
331785
331907
331958
332077
332208
332308
332353
332536
332678
332692
332733
332889
332892
332905
333001
333031
333052
333129
333166
333209
333224
333379
333391
333441
333561
333564
333589
333627
333866
333975
334018
334084
334106
334337
334384
334538
334750
334796
335168
335178
335206
335290
335291
335389
335419
335856
336027
336153
336350
336478
336559
336902
337053
337068
337194
337207
337380
337509
337592
337732
338043
338044
338105
338120
338271
338358
338363
338525
338563
338619
338878
338920
338957
338988
339033
339388
339392
339500
339516
339517
339548
339613
340033
340074
340157
340160
340542
340673
340693
340707
340783
340804
340910
340982
341007
341126
341165
341211
341232
341274
341513
341724
341974
342181
342253
342272
342518
342586
342804
343095
343114
343250
343401
343479
343525
343567
343755
343841
343937
343961
343982
344068
344217
344274
344353
344387
344448
344569
344857
344987
345085
345188
345269
345408
345637
345655
345730
345802
345875
345882
345938
345987
346003
346478
346599
346614
346743
346998
347310
347347
347397
347427
347457
347790
347790
347804
347832
347964
348081
348195
348328
348451
348513
348567
348719
348781
348888
349148
349286
349589
349707
349749
349807
350151
350154
350294
350472
350566
350596
350618
350788
350807
350832
350845
350859
350866
350930
351085
351175
351189
351236
351346
351659
351665
351876
352022
352080
352088
352174
352199
352205
352466
352657
352665
352691
352837
352850
352931
353326
353379
353425
353518
353573
353597
353741
353783
353784
353791
354005
354215
354315
354323
354344
354420
354422
354695
354729
354749
354840
355229
355364
355452
355454
355462
355599
355771
355796
355801
355988
356129
356369
356381
356565
356591
356617
356653
356748
356794
357001
357087
357108
357319
357365
357419
357457
357551
357720
357800
357815
357924
358193
358204
358338
358389
358517
358606
358756
358775
358894
358917
359215
359311
359490
359587
359618
359623
359683
359755
359771
359802
359872
360286
360310
360478
360607
360647
360657
360716
360824
360942
360956
361087
361202
361218
361327
361371
361500
361605
361835
362008
362035
362043
362056
362080
362167
362228
362253
362284
362313
362318
362881
362900
363067
363133
363329
363506
363657
363831
363876
363917
364339
364359
364619
364623
364776
364783
364809
364986
365499
365510
365700
365719
365739
365763
365816
365856
366000
366031
366062
366115
366272
366348
366391
366468
366556
366653
366663
366875
366957
367172
367267
367284
367364
367409
367803
367805
368224
368253
368406
368445
368458
368546
368555
368696
368703
368779
368833
368884
369046
369079
369176
369185
369262
369269
369476
369531
369610
369640
369673
369882
370075
370075
370097
370217
370392
370666
370681
370710
370913
371037
371049
371059
371092
371168
371281
371336
371529
371747
371795
371807
371846
371917
371957
372098
372139
372256
372297
372472
372513
372526
372571
372621
372656
372757
372781
372880
372898
372984
372992
373021
373141
373207
373269
373784
373828
373839
373994
374088
374312
374618
374754
374824
374872
374977
375029
375130
375244
375244
375280
375288
375449
375530
375531
375593
375721
375840
376029
376050
376109
376156
376210
376221
376335
376358
376510
376542
376728
376982
377049
377110
377117
377139
377388
377417
377535
377621
377845
377956
378047
378074
378080
378206
378243
378246
378367
378614
378628
378748
378903
379304
379334
379409
379540
379541
379612
379640
379652
379721
379923
379961
379993
380200
380350
380433
380486
380535
380683
380809
381288
381295
381334
381463
381515
381546
381575
381589
381758
381781
381821
381970
382125
382212
382250
382559
382662
382672
382804
382829
383003
383097
383244
383336
383336
383761
383808
384085
384138
384242
384299
384470
384605
384637
384664
384667
384691
384781
384833
384952
384963
384982
385013
385066
385118
385152
385395
385589
385979
386127
386259
386306
386456
386773
387033
387053
387076
387181
387367
387534
387552
387558
387606
387618
388224
388229
388249
388279
388295
388296
388616
388618
388761
388814
388834
388908
388996
388998
389089
389246
389346
389364
389592
389599
389664
389725
389743
389780
389899
390014
390071
390138
390262
390344
390482
390490
390608
390650
390701
390786
390816
390848
390927
391069
391116
391234
391246
391341
391380
391534
391675
391790
391798
391814
391975
392015
392126
392208
392401
392408
392791
392803
393180
393183
393301
393330
393509
393579
393593
393786
393808
393822
394026
394130
394166
394319
394347
394472
394521
394619
394673
394930
395048
395091
395102
395235
395332
395333
395342
395400
395497
395589
395605
395851
395860
395933
396034
396142
396190
396198
396232
396276
396277
396341
396356
396473
396567
396575
396582
396655
396764
396981
396994
397027
397029
397064
397254
397442
397468
397499
397579
397592
397738
397742
397856
397928
398005
398047
398072
398162
398397
398407
398820
399014
399017
399080
399102
399208
399265
399286
399298
399355
399407
399587
399691
399733
400090
400146
400157
400198
400223
400334
400398
400401
400471
400490
400509
400600
400764
400886
401016
401476
401565
401589
401598
401612
401658
401802
401934
401939
402152
402364
402371
402390
402822
402953
403020
403192
403346
403424
403533
403577
403741
404109
404157
404188
404195
404212
404272
404464
404492
404578
404733
405017
405144
405191
405193
405257
405296
405363
405370
405395
405465
405498
405635
405756
405775
405912
405939
406150
406237
406462
406526
406792
406805
406821
406831
406873
407240
407329
407448
407509
407574
407589
407636
407826
408143
408286
408314
408329
408400
408463
408719
408812
408813
409096
409545
409696
409739
409772
409911
409944
409991
410028
410139
410224
410452
410537
410586
410643
410769
410908
411217
411353
411657
411719
411731
411758
411861
411944
411994
412016
412049
412141
412149
412176
412226
412251
412415
412463
412477
412485
412609
412773
412838
412890
412923
412935
412963
413027
413083
413162
413169
413301
413305
413532
413542
413584
413592
413637
413718
413776
413786
413823
413855
413991
414018
414019
414149
414288
414337
414412
414417
414433
414473
414482
414608
414757
414793
414980
415008
415200
415431
415582
415746
415956
416038
416051
416113
416488
416793
416817
416820
417059
417597
417617
417801
417896
417910
418038
418102
418267
418383
418640
418706
418724
418774
419178
419213
419265
419318
419448
419556
419753
419820
419831
419869
420107
420127
420242
420482
420660
421019
421535
421549
421631
421660
421691
421796
421936
421977
421984
422066
422134
422137
422331
422391
422508
422678
422830
423112
423150
423277
423504
423507
423508
423520
423567
423643
423850
423919
424095
424349
424362
424423
424451
424595
424678
424823
424853
424872
424987
425112
425132
425179
425257
425286
425289
425382
425403
425539
425692
425709
425726
425734
425736
425826
425829
425881
425907
425956
426054
426095
426117
426139
426150
426196
426328
426340
426487
426502
426517
426761
426799
426814
427032
427217
427428
427429
427613
427751
428012
428017
428023
428414
428502
428578
428675
428960
428969
429051
429077
429128
429210
429258
429385
429490
429520
429803
429879
430097
430141
430226
430230
430342
430459
430612
431130
431316
431372
431414
431460
431600
431714
431776
431889
432069
432089
432118
432181
432268
432355
432493
432494
432642
432643
432756
432895
432968
433218
433303
433625
433803
434014
434035
434043
434189
434197
434315
434343
434370
434446
434475
434514
434857
434931
434938
434947
435106
435272
435523
435605
435626
435857
436001
436099
436304
436445
436477
436508
436779
436822
436863
437253
437273
437275
437532
437724
437784
438052
438062
438166
438176
438285
438388
438582
438638
438646
438742
438776
438777
438859
438865
438976
439576
439638
439711
439722
439852
439873
439905
439927
439952
440321
440358
440387
440390
440671
440974
440987
441167
441246
441351
441406
441601
441695
441824
441826
441830
441952
441959
441975
442073
442181
442364
442447
442716
443049
443163
443318
443458
443531
443598
443740
443826
443927
444014
444024
444028
444073
444124
444368
444403
444407
444447
444482
444769
444792
444874
445056
445340
445401
445427
445798
445803
445817
445918
446031
446046
446057
446092
446106
446315
446568
446569
446766
446778
446781
446801
446828
446834
446894
446914
446953
446988
447262
447267
447343
447510
447567
447580
447652
447694
447714
447875
448158
448284
448435
448493
448499
448505
448539
448624
448736
448759
448772
448810
448841
448858
449239
449366
449654
449750
449752
449808
449894
449986
450108
450252
450275
450285
450353
450421
451029
451032
451115
451160
451231
451448
451697
451838
451839
451962
452231
452261
452381
452459
453009
453054
453059
453302
453533
453699
454048
454487
454496
454551
454604
454674
454758
454843
454904
454960
455092
455263
455267
455293
455351
455503
455550
455558
455783
455824
455856
455896
456006
456483
456490
456508
456525
456695
456732
456839
456900
457071
457160
457266
457272
457558
457741
457764
457807
457856
457902
458171
458340
458583
458588
458755
458765
458916
458948
458988
458994
459000
459289
459379
459618
459655
459689
459787
459804
459812
460073
460250
460252
460576
460633
460788
461001
461083
461085
461148
461158
461442
461469
461534
461584
461602
462285
462419
462450
462562
462609
462675
462708
462921
463002
463009
463021
463027
463438
463468
463507
463662
463707
463753
463782
463819
463830
464114
464397
464433
464444
464502
464702
464879
464976
465094
465160
465225
465288
465447
465578
465628
465804
465817
465824
466132
466200
466291
466548
466636
466766
466802
466828
466936
467168
467303
467329
467372
467409
467444
467612
467767
467885
467919
467937
468061
468149
468207
468213
468295
468310
468352
468355
468578
468851
468973
469111
469415
469677
469733
469882
469902
469921
469941
470451
470458
470523
470527
470688
470722
470940
471123
471125
471223
471440
471647
471794
471885
471919
471976
472220
472303
472502
472792
472809
472816
472899
473010
473024
473158
473258
473367
473570
473685
473703
473825
474232
474287
474334
474456
474459
474462
474511
474946
474946
475119
475147
475436
475529
475720
475735
475761
475942
476027
476062
476135
476142
476149
476257
476289
476515
476529
476732
476870
476938
477094
477101
477396
477710
477842
478004
478061
478242
478339
478356
478406
478580
478598
478768
478786
478893
478988
479007
479142
479186
479206
479250
479391
479535
479657
479753
479829
479936
480019
480024
480048
480127
480218
480315
480404
480515
480581
480770
480873
480908
480998
481061
481093
481318
481467
481559
481582
481649
481709
482078
482083
482188
482248
482409
482418
482680
482686
482811
482889
482900
482971
483045
483240
483455
483573
483623
483665
483782
483916
483978
484071
484091
484092
484444
484834
484856
484872
484896
485022
485538
485542
485690
485736
485782
485793
485952
485963
485966
485984
486038
486095
486371
486389
486427
486457
486464
486531
486571
486604
486629
486723
486865
486960
486969
486992
487246
487316
487336
487435
487460
487520
487540
487723
487840
487860
487942
487994
488001
488063
488186
488712
488810
488823
488913
488932
489016
489166
489197
489320
489393
489478
489751
489820
489827
489839
490023
490062
490065
490215
490262
490443
490444
490544
490627
490728
490744
490885
490947
491316
491354
491425
491751
491814
491938
491941
492019
492039
492265
492313
492343
492353
492381
492432
492473
492525
492672
492697
492709
492923
493374
493466
493477
493738
493765
493782
493947
493979
494028
494108
494152
494172
494219
494261
494432
494499
494608
494621
494646
494719
494838
494995
495064
495244
495306
495327
495397
495495
495523
496061
496079
496138
496166
496173
496192
496288
496335
496351
496446
496480
496493
496511
496685
496685
496687
496835
496876
496905
496933
497056
497238
497523
497887
497978
498059
498065
498275
498425
498623
498644
498786
498882
499146
499160
499184
499367
499375
499383
499619
499675
499711
499934
499947
500161
500275
500485
500560
500810
500831
501022
501032
501065
501114
501135
501151
501239
501374
501424
501794
501947
502047
502279
502351
502426
502471
502474
502489
502533
502536
502677
502875
503119
503120
503186
503226
503258
503340
503425
503576
503692
503701
503945
503957
504133
504205
504249
504281
504363
504615
504632
504722
504898
505059
505060
505071
505078
505131
505189
505228
505454
505569
505794
505859
505956
506007
506033
506185
506218
506228
506486
506585
506619
506689
506853
506932
506960
507203
507209
507236
507910
508125
508155
508343
508366
508419
508844
509100
509137
509168
509201
509344
509390
509510
509679
509893
509995
509997
510083
510100
510164
510268
510309
510361
510427
510470
510503
510626
510638
510718
510730
510900
510970
511035
511096
511107
511160
511208
511251
511277
511449
511520
511574
511580
511798
511822
511846
512211
512422
512497
512536
512557
512688
512851
512893
512947
513116
513145
513231
513290
513326
513683
513689
513740
513740
514157
514232
514234
514265
514328
514354
514358
514434
514477
514560
514651
514681
514838
514866
514980
515018
515055
515118
515195
515243
515249
515273
515290
515395
515405
515534
515817
515871
516063
516107
516145
516186
516345
516413
516429
516627
516628
516656
516697
516701
516711
516773
516869
517049
517103
517132
517231
517331
517395
517448
517506
517573
517828
517874
518097
518229
518342
518477
518488
518654
518710
518811
518908
518938
518988
519028
519044
519148
519193
519300
519487
519518
519613
519671
519917
520086
520112
520265
520371
520372
520509
520758
521152
521162
521285
521391
521478
521650
521768
521971
522094
522108
522136
522136
522543
522717
522944
523320
523332
523369
523523
524031
524488
524543
524633
524812
524813
524844
524884
524899
524950
524992
525071
525185
525327
525331
525387
525416
525459
525540
525881
526211
526250
526508
526553
526618
526703
526704
526793
526799
526828
527272
527358
527925
528050
528082
528096
528145
528165
528176
528253
528524
528538
528671
528800
528939
528982
529117
529201
529296
529383
529483
529485
529538
529906
529920
529963
529999
530006
530041
530100
530106
530225
530314
530402
530670
530702
530748
530753
530754
530848
530938
530951
530986
531187
531234
531250
531285
531300
531456
531461
531569
531601
531731
531786
531968
532021
532022
532095
532106
532452
532484
532634
532761
532799
532902
532932
533006
533132
533223
533265
533650
533985
534144
534443
534460
534488
534743
534939
535036
535203
535306
535390
535438
535663
536142
536227
536254
536311
536467
536505
536642
536791
536927
536976
537119
537214
537376
537501
537513
537788
537815
537866
537884
538054
538086
538101
538228
538257
538287
538483
538568
538752
538916
539118
539355
539827
539983
540031
540255
540413
540426
540474
540594
540686
540805
540810
540839
541043
541054
541257
541420
541452
541473
541565
541599
541764
541856
541874
541884
542085
542197
542202
542229
542242
542296
542337
542428
542519
542677
542870
542920
542944
543101
543121
543564
543638
543735
543807
543820
543841
544012
544297
544392
544427
544468
544793
544998
545046
545152
545293
545332
545638
545647
545656
545751
545757
545772
545855
545976
545987
546020
546177
546262
546449
546461
546513
546743
546757
547005
547160
547163
547217
547310
547623
547684
547703
547703
547724
547985
548005
548158
548270
548280
548327
548328
548411
548425
548475
548495
548694
548783
548925
548944
548971
549023
549066
549085
549106
549110
549242
549243
549377
549456
549692
549812
549907
550038
550149
550221
550278
550299
550309
550386
550389
550599
550675
550916
550966
551074
551129
551165
551502
551632
551887
551953
552051
552356
552424
552533
552553
552555
552587
552634
552637
553041
553123
553241
553421
553922
554084
554314
554421
554459
554779
555080
555351
555612
555818
555948
555964
556013
556038
556330
556402
556474
556744
556758
556796
556846
556927
557006
557090
557140
557214
557304
557485
557511
557600
557639
557786
558001
558008
558078
558255
558459
558464
558540
558570
558707
558738
558778
558968
559050
559075
559202
559364
559470
559501
559503
559572
559747
559809
560183
560393
560427
560464
560473
560863
561056
561270
561274
561279
561300
561304
561328
561435
561525
561869
561956
562152
562173
562208
562224
562405
562471
562548
562640
562890
562917
562943
563004
563126
563442
563467
563621
563656
564017
564034
564046
564185
564284
564320
564546
564547
564641
564655
564656
564770
564797
564798
564872
564918
564962
564971
564998
565034
565098
565141
565236
565338
565499
565632
565718
565765
565857
565945
565961
566084
566107
566118
566142
566256
566279
566613
566617
566642
566682
566722
566738
566908
567076
567149
567171
567342
567492
567569
567625
567932
567995
568004
568206
568245
568276
568335
568342
568370
568526
568839
568875
569044
569085
569236
569251
569516
569765
569834
569840
569842
569951
570337
570526
570576
570985
571208
571244
571251
571314
571471
571479
571529
571585
571721
572062
572133
572151
572194
572195
572243
572269
572447
572885
572985
573067
573085
573260
573337
573435
573605
573646
574150
574156
574171
574344
574451
574514
574553
574630
574683
574741
574752
574818
574856
575200
575219
575238
575260
575307
575393
575518
575558
575604
575665
575666
575947
576029
576178
576310
576332
576583
576613
576682
577121
577157
577215
577254
577365
577587
577600
577628
577664
577730
577756
577865
578004
578104
578150
578231
578283
578284
578456
578594
578697
578807
578948
578983
579005
579171
579223
579374
579544
579714
579787
579858
579956
579977
580057
580156
580249
580327
580458
580467
580593
580649
580815
580882
580906
580989
581266
581364
581375
581434
581887
581945
581948
581954
582005
582043
582117
582133
582333
582341
582514
582606
582626
582745
582786
583174
583191
583360
583387
583393
583659
583710
583728
583740
583979
583984
584000
584358
584413
584477
584723
584863
585051
585362
585815
585821
585824
585976
586044
586339
586456
586528
586550
586758
586822
586972
587056
587065
587069
587367
587410
587479
587497
587537
587583
587678
587724
587811
587864
587898
588051
588153
588176
588183
588342
588400
588500
588732
588805
588994
589013
589493
589532
589554
589619
589641
589722
589936
590245
590257
590371
590371
590404
590408
590475
590514
590519
590595
590597
590601
590659
590743
590804
590814
590890
591004
591026
591054
591075
591143
591162
591164
591286
591464
591527
591542
591575
591838
591881
591994
592022
592032
592065
592172
592514
592554
592605
592739
592987
593130
593174
593183
593276
593551
593579
593676
593716
593894
594006
594055
594105
594322
594501
594693
594718
594749
594818
594864
594867
594903
595007
595029
595044
595168
595251
595292
595312
595312
595403
595461
595685
595804
595901
595912
596023
596198
596219
596223
596329
596481
596604
596609
596671
596724
596978
597003
597055
597070
597210
597253
597322
597680
597732
597902
598034
598136
598270
598284
598293
598374
598380
598468
598469
598470
598526
598540
598586
598715
598718
598732
598789
598807
598935
599135
599281
599337
599603
599633
599819
599974
600066
600152
600408
600567
600679
600689
600796
600844
601016
601129
601187
601328
601355
601379
601466
601608
601783
601830
601834
601999
602175
602241
602364
602455
602456
602581
602584
602698
602725
602781
602999
603092
603179
603377
603408
603513
603581
603633
603863
603887
604070
604122
604124
604135
604241
604293
604364
604724
604982
605238
605297
605370
605553
606026
606182
606207
606323
606578
606768
606904
606956
606995
607048
607050
607373
607407
607596
607633
607710
607733
608025
608094
608158
608199
608263
608336
608399
608435
608524
608556
608882
609015
609464
609867
609878
610073
610303
610429
610629
610741
610806
611023
611505
611580
611610
611707
611727
611735
611843
611865
611952
611959
612054
612098
612111
612159
612233
612388
612447
612616
612797
612801
612852
612882
612956
613048
613277
613286
613522
613629
613644
613677
613704
613798
613863
614119
614260
614384
614484
614529
614608
614699
614947
615058
615060
615105
615317
615566
616021
616489
616536
616576
616588
616600
616815
617234
617243
617289
617584
617734
617935
617969
618250
618275
618414
618460
618596
618765
618800
618889
618906
618991
619016
619190
619217
619289
619392
619537
619556
619676
619864
619907
619921
620029
620033
620046
620132
620139
620189
620634
620748
620939
620998
621182
621492
621721
621943
621995
622028
622129
622289
622326
622331
622501
622588
622592
622632
622686
623013
623059
623096
623097
623246
623272
623546
623724
623765
623855
624342
624369
624604
624652
624652
624690
624696
624970
625106
625192
625306
625339
625355
625375
625391
625537
625554
625657
625869
625978
626008
626230
626250
626377
626605
626645
626677
627056
627089
627284
627421
627491
627577
627612
627709
627767
627781
627804
627807
627860
627957
628163
628183
628327
628369
628584
628645
628885
628901
629115
629155
629294
629365
629382
629557
629799
629873
630150
630165
630185
630351
630408
630423
630644
630670
630688
630818
630973
630994
631025
631151
631341
631523
631603
631630
631679
631691
631710
631779
631842
631927
632017
632069
632363
632583
632683
632770
632894
632918
632949
633024
633106
633148
633403
633477
633590
633598
633695
634136
634164
634225
634246
634373
634389
634822
634967
634968
635119
635225
635412
635436
635469
635494
635592
636007
636039
636253
636316
636342
636390
636399
636462
636505
636648
636670
636825
637011
637081
637164
637194
637197
637239
637298
637367
637371
637411
637446
637477
637548
638288
638518
638621
638629
638792
638807
638869
638903
639024
639039
639092
639103
639122
639213
639442
639469
639718
639734
639841
639868
640017
640126
640166
640187
640359
640665
640677
640755
640888
640908
641019
641115
641140
641143
641334
641349
641444
641667
641679
641804
641887
641978
642084
642089
643148
643435
643474
643488
643569
643570
643601
643608
643739
643941
643995
644023
644039
644099
644266
644270
644279
644363
644392
644398
644399
644540
644886
645072
645305
645311
645334
645340
645521
645521
645617
645898
645933
646041
646165
646359
646380
646566
646628
646811
646901
646978
647113
647140
647278
647296
647365
647609
647712
647793
647826
647859
647879
648400
648579
648636
648679
648683
648694
648827
649099
649101
649108
649140
649384
649511
649718
649721
649793
649814
649838
649857
649895
650240
650392
650596
650625
650661
650708
650716
650778
650855
650910
650957
651320
651604
651662
651969
652016
652057
652070
652071
652182
652206
652300
652324
652360
652374
652437
652559
652698
652702
652707
652725
653137
653332
653349
653468
653642
653774
653803
653934
653951
654020
654270
654374
654383
654641
654727
654745
654808
654837
654943
654983
655045
655069
655285
655333
655425
655587
655599
655651
656016
656126
656256
656320
656361
656513
656639
656742
656782
656853
657023
657307
657617
657654
657863
657883
658144
658243
658563
658860
659114
659206
659232
659236
659355
659399
659517
659524
659754
659776
659782
659792
659799
659934
660083
660246
660324
660375
660594
660717
660757
660900
660904
660982
661083
661094
661300
661340
661382
661401
661561
661573
661580
661637
661651
661692
661697
661713
661717
661768
661894
662025
662348
662350
662392
662398
662433
663163
663230
663253
663285
663322
663352
663358
663436
663756
663773
663817
663950
663965
664007
664364
664437
664647
664737
664831
664870
665213
665225
665246
665352
665420
665480
665624
666098
666121
666138
666175
666454
666543
666741
666909
666959
667323
667344
667377
667482
667605
667936
667976
667982
668059
668150
668178
668179
668244
668250
668297
668307
668348
668384
668410
668460
668469
668503
668516
668772
668780
668830
668933
668994
668994
669188
669225
669253
669258
669460
669575
669650
669696
669875
669922
669965
669987
670273
670307
670509
670565
670573
670779
670814
670859
670925
670933
671001
671075
671205
671816
671932
671979
672096
672299
672430
672464
672484
672486
672507
672637
672646
672787
672850
672853
672858
673125
673261
673356
673524
673549
673608
673685
673757
673785
673803
673843
674144
674172
674270
674438
674628
674796
674821
674954
674963
675361
675453
675454
675463
675580
675657
675891
675937
676004
676154
676392
676601
676610
676685
676744
677014
677709
677834
677920
678054
678277
678431
678551
678572
678593
678757
679090
679138
679171
679415
679532
679886
680015
680021
680039
680107
680241
680290
680321
680322
680573
680577
680609
680831
680871
680904
680996
681051
681072
681222
681279
681320
681434
681731
681774
682001
682073
682102
682218
682228
682236
682253
682396
682423
682448
682587
682684
682720
682955
683429
683528
683535
683576
683726
683795
683816
683973
683990
683991
684021
684029
684432
684975
684995
685012
685415
685454
685484
685549
685563
685626
685880
685903
686110
686113
686349
686483
686698
686782
686842
687234
687365
687415
687461
687621
687628
687658
687691
687841
687966
688013
688285
688357
688579
688622
688628
688656
688662
688769
688856
689371
689406
689432
689696
689711
689773
689808
689855
689870
689896
689916
690030
690093
690125
690192
690306
690493
690685
690865
690878
690954
690981
690999
691009
691097
691262
691278
691348
691389
691416
691729
691816
691933
692189
692242
692330
692483
692660
692749
692771
692789
693016
693030
693047
693078
693090
693639
693646
693832
693896
693937
694034
694079
694131
694158
694308
694386
694421
694436
694515
694685
694706
694807
694843
694877
695178
695518
695631
695718
695768
696136
696150
696263
696324
696485
696729
696735
696815
696874
696937
697185
697204
697241
697289
697379
697410
697574
697766
697808
697939
697971
698219
698230
698322
698338
698458
698504
698506
698582
698622
698651
698733
698760
698782
698790
698849
699044
699131
699266
699300
699383
699388
699409
699639
699651
699651
699654
699815
699837
699931
700115
700293
700310
700517
700538
700626
700769
700788
700992
701214
701228
701633
701634
701644
701748
701857
701913
702225
702241
702284
702304
702314
702498
702545
702554
702568
702586
702656
702693
702703
702762
702797
702829
702846
702937
703077
703115
703161
703239
703619
703663
703796
703826
703930
704065
704069
704084
704204
704384
704390
704397
704552
704600
704754
704871
705012
705162
705192
705220
705331
705427
705438
705649
705754
705768
705778
705785
705800
705823
705991
706028
706078
706213
706403
706524
706802
706874
707132
707398
707538
707561
707606
707712
707723
707779
707882
707901
707977
708027
708236
708357
708390
708512
708694
708956
708998
709163
709197
709209
709211
709349
709563
709630
709652
709692
709727
709729
709797
709934
710217
710225
710370
710585
710863
710880
710885
710890
711032
711056
711097
711354
711603
711605
711626
711955
712017
712025
712151
712201
712209
712297
712339
712591
712610
712642
712664
712724
712937
713348
713369
713480
713596
713632
713663
713682
713737
713803
714065
714153
714168
714210
714488
714500
714616
714638
714651
714676
714749
714827
714867
714946
715119
715206
715215
715320
715325
715400
715420
715432
715455
715523
715649
715700
715715
715739
715878
715894
715996
716054
716171
716234
716417
716430
716581
716671
717074
717181
717334
717582
717630
717715
717726
717818
718077
718211
718520
718661
718867
718906
719355
719562
720076
720186
720383
720392
720494
720744
720796
720856
721146
721162
721317
721495
721606
721775
721891
722028
722181
722439
722487
722529
722565
722826
722970
723057
723223
723283
723404
723594
723634
723741
724074
724102
724217
724225
724296
724323
724368
724415
724525
724647
724911
724922
724939
725012
725085
725110
725568
725614
725636
725651
725798
725841
725843
726004
726130
726220
726236
726305
726305
726433
726511
726548
726631
726666
726758
726851
726870
726881
726976
727148
727181
727303
727601
727681
727896
727897
728037
728076
728274
728302
728390
728498
728622
728969
729035
729266
729358
729381
729406
729697
729782
729846
729916
729991
730018
730212
730225
730579
730719
730822
730911
730994
731063
731077
731145
731201
731359
731668
731936
732027
732143
732313
732497
732550
732839
732847
732963
733001
733006
733035
733522
733581
733605
733657
733663
733670
733694
734058
734122
734209
734211
734359
734604
734702
734959
735028
735049
735149
735352
735413
735424
735471
735479
735695
735698
735749
735759
736115
736197
736250
736406
736576
736585
736677
736810
736845
736851
736861
737011
737069
737149
737415
737504
737573
737655
738099
738349
738580
738587
738660
738661
738713
738798
739023
739229
739364
739375
739379
739410
739476
739493
739511
739511
739552
739611
739631
739850
739850
739943
740008
740042
740138
740927
740948
741061
741087
741177
741195
741311
741334
741347
741387
741401
741419
741522
741786
741809
741849
742098
742309
742337
742431
742904
742943
742993
743057
743082
743140
743174
743209
743229
743338
743452
743584
743692
743820
743948
743993
744197
744343
744422
744563
744687
744963
745004
745004
745009
745031
745091
745111
745226
745288
745371
745428
745655
745717
745795
745875
746036
746046
746263
746307
746335
746412
746608
746634
746764
746817
746821
746944
747054
747136
747200
747329
747388
747629
747793
748121
748271
748410
748485
748552
748632
748700
748737
748841
748899
749004
749054
749151
749216
749254
749281
749550
749687
750084
750316
750400
750449
750455
750477
750682
750722
750866
750868
750888
751074
751210
751460
751644
751776
751892
752112
752464
752470
752598
752601
752859
753057
753188
753200
753289
753304
753416
753450
753453
753653
753777
753807
753832
754104
754203
754254
754380
754720
754725
754758
755033
755554
755572
755730
755771
755916
756022
756153
756204
756314
756539
756594
756758
756760
756922
757178
757298
757547
757692
757701
757769
758050
758060
758259
758317
758560
758560
758570
758591
758616
758651
758669
758730
758839
758933
759002
759156
759239
759706
759731
759785
759877
759915
760033
760059
760476
760480
760578
760817
760821
760915
760933
760976
761003
761126
761137
761189
761250
761310
761410
761447
761575
761608
761643
761656
761707
761805
762217
762296
762297
762560
762689
762988
763037
763058
763147
763442
763531
763657
763704
763833
763950
764084
764164
764188
764196
764396
764435
764473
764589
764831
764851
764880
764933
765003
765093
765104
765104
765137
765142
765155
765359
765578
765646
765810
765871
765893
766232
766754
766818
766910
767087
767233
767383
767440
767604
767624
767718
767741
767960
768088
768179
768317
768526
768697
768721
768816
768933
769201
769287
769295
769362
769722
769745
769932
770083
770191
770313
770378
770428
770506
770617
770624
770774
770821
770942
771017
771023
771026
771076
771146
771184
771270
771314
771530
771584
771599
771635
771669
771739
771918
771940
771987
772010
772015
772116
772141
772194
772798
772923
773203
773332
773503
773647
773660
773670
773694
773733
773886
773919
774033
774181
774268
774297
774315
774380
774398
774440
774477
774737
774830
774941
775134
775199
775268
775271
775302
775402
775624
775969
776149
776190
776231
776243
776295
776408
776421
776607
776643
777258
777379
777388
777577
777811
778075
778100
778204
778303
778340
778451
778454
778471
778625
778666
778722
778742
778773
778823
778870
778929
778959
779005
779011
779115
779312
779541
779641
779783
779838
779877
779977
780004
780059
780162
780212
780320
780403
780421
780458
780564
780831
780875
780878
780898
780983
781025
781294
781505
781530
781843
781905
781930
781998
782021
782149
782198
782244
782286
782336
782372
782495
782533
782540
782672
782683
782909
783103
783127
783174
783200
783395
783408
783416
783452
783547
783621
783694
783924
784004
784034
784039
784257
784268
784434
784563
784636
784682
784757
784824
784826
784956
785105
785115
785214
785276
785294
785707
785813
785905
785942
786014
786389
786397
786428
786486
786574
786674
786757
786769
786785
786828
787019
787048
787084
787130
787202
787235
787288
787457
787582
787611
787794
787837
787908
788092
788121
788175
788396
788614
788723
788844
788861
789016
789079
789498
789512
789701
789734
789787
789994
790017
790125
790345
790657
790665
790773
790777
790892
791060
791082
791142
791337
791379
791423
791479
791652
791702
791806
791955
792086
792302
792330
792619
792729
792885
792897
792969
793094
793358
793375
793617
793654
793860
793997
794092
794125
794135
794192
794215
794297
794335
794403
794465
794556
794701
794765
794783
794864
794867
794920
795253
795517
795910
795912
795919
795948
796153
796279
796293
796346
796361
796444
796517
796550
796730
796786
797182
797186
797237
797321
797649
798075
798185
798272
798472
798877
798953
799214
799298
799850
800015
800085
800118
800153
800498
800585
800586
800635
800656
800692
800769
800810
800842
800870
800973
801101
801133
801297
801395
801467
801787
802001
802068
802093
802316
802475
802635
802688
802705
802745
802775
802781
802830
802941
802969
803030
803046
803047
803145
803178
803187
803276
803375
803433
803475
803477
803637
803650
803806
803972
804069
804078
804251
804282
804514
804562
804621
804727
804983
805025
805038
805095
805127
805143
805150
805319
805400
805517
805560
805676
805732
805768
805817
805969
805975
805992
806004
806026
806100
806146
806280
806308
806431
806536
806633
806647
806668
806705
806821
806849
806927
807053
807115
807228
807244
807263
807376
807431
807607
807880
807916
807958
807966
808167
808275
808307
808606
808688
808763
808884
809050
809055
809114
809117
809250
809766
809772
810035
810050
810081
810186
810337
810374
810448
810586
810649
810654
810813
810905
811024
811091
811283
811425
811433
811446
811447
811514
811637
811755
811876
811959
812028
812135
812163
812182
812316
812328
812577
812628
812652
812937
813093
813107
813126
813223
813431
813581
813660
813729
813797
814162
814232
814276
814283
814297
814355
814479
814609
814662
814803
814918
815164
815364
815433
815486
815769
815837
815843
815872
815949
815953
815954
815983
816080
816112
816125
816168
816179
816401
816582
816717
816743
816829
816842
816862
816978
817097
817180
817381
817559
817742
817994
817995
818254
818606
818610
818629
818629
818764
818994
819129
819217
819226
819323
819340
819360
819361
819653
819759
819805
820161
820213
820265
820419
820476
820479
820514
820615
820913
821022
821108
821491
821545
821753
821947
821960
822064
822216
822250
822268
822322
822365
822388
822418
822659
822825
822832
822965
823017
823219
823388
823477
823479
823757
823866
824155
824237
824276
824377
824449
824535
824634
824758
824852
824953
824955
825080
825128
825161
825164
825168
825307
825487
825561
825826
825856
825990
826114
826121
826232
826412
826455
826502
826631
826842
826901
827076
827419
827587
827961
828090
828205
828215
828286
828558
828695
828705
828791
828816
828849
829018
829034
829289
829343
829394
829402
829591
829727
829733
829800
830079
830154
830168
830221
830301
830337
830463
830723
830866
830938
830979
831346
831374
831562
831705
831705
831735
831770
832169
832201
832243
832243
832728
832870
832937
833001
833045
833258
833272
833319
833325
833371
833554
833608
833841
833877
833888
834093
834337
834431
834531
834711
834756
835084
835338
835343
835426
835448
835472
835674
835709
835813
835820
835827
835855
836112
836240
836257
836543
836693
836739
837042
837056
837125
837126
837256
837271
837310
837452
837510
837643
837661
837664
837723
837800
837960
838004
838048
838070
838202
838236
838321
838429
838445
838495
838576
838662
838710
838741
839035
839176
839300
839417
839483
839484
839532
839562
839627
839696
839709
839805
839827
840053
840094
840154
840196
840439
840656
841021
841357
841487
841526
841528
841626
841681
841726
841727
841773
841809
841877
841895
841966
841989
842061
842096
842153
842309
842519
842539
842578
842583
842663
842814
842907
843041
843115
843152
843154
843172
843228
843319
843355
843612
843817
843859
843943
843980
844069
844074
844101
844147
844254
844307
844411
844577
844583
844949
845081
845165
845234
845246
845251
845299
845312
845453
845603
845680
845721
845730
845804
846055
846385
846427
846439
846772
846856
846958
847022
847113
847124
847365
847564
847650
847837
847943
848081
848206
848248
848427
849049
849115
849157
849243
849246
849307
849405
849536
849555
849939
849995
850011
850213
850284
850295
850468
850664
850677
850853
850981
851069
851358
851757
851767
851770
851799
851883
852073
852243
852372
852442
852467
852624
852671
852866
852987
853024
853298
853333
853404
853668
853692
853773
854440
854572
854582
854726
854811
854948
855207
855339
855421
855539
855554
855554
855777
855833
855847
855847
855954
856105
856172
856185
856193
856329
856331
856505
856576
856714
856798
856836
856928
856936
856992
857066
857219
857311
857325
857525
857623
857748
857941
857942
857983
858140
858274
858535
858642
858650
858759
858984
859069
859110
859164
859189
859232
859262
859373
859390
859435
859443
859451
859521
859662
859691
859713
859754
859779
859868
859869
859894
859962
859984
860123
860194
860363
860479
860521
860713
860797
860816
860890
860896
860904
861126
861271
861602
861905
861944
861946
862122
862172
862315
862577
862801
862882
862983
863037
863156
863216
863255
863371
863467
863479
863483
863546
863653
863824
863905
864006
864099
864203
864529
864589
864680
865170
865188
865197
865403
865428
865459
865491
865506
865649
865654
865687
866062
866113
866193
866200
866225
866295
866298
866309
866454
866501
866514
866521
866832
866865
866933
866973
867112
867116
867145
867288
867379
867662
867728
867823
867866
867870
867990
868041
868340
868346
868540
868653
868723
868776
868789
869038
869085
869196
869294
869439
869481
869761
869987
869997
870000
870021
870069
870073
870202
870292
870305
870385
870487
870540
870612
870677
870878
870940
871095
871107
871164
871202
871235
871284
871349
871363
871391
871466
871552
871669
871716
871800
872006
872117
872230
872454
872508
872883
873034
873114
873413
873477
873675
873876
874030
874107
874291
874554
874686
874697
874889
874895
875081
875119
875148
875158
875489
875669
875671
875673
875676
875875
875969
876216
876257
876474
876497
876511
876599
876720
876729
876915
877097
877137
877538
877739
877791
877989
878065
878261
878316
878344
878439
878521
878646
878677
878753
878818
878949
879146
879256
879274
879338
879381
879473
879475
879535
879547
879680
879715
879796
879800
879866
879930
879976
880083
880209
880225
880254
880300
880356
880437
880808
880823
880995
881009
881067
881080
881461
881548
881729
881729
882085
882136
882194
882343
882387
882468
882646
882696
882771
882776
882923
882973
883010
883087
883088
883184
883253
883307
883327
883343
883532
883571
883624
883654
883990
884149
884213
884280
884296
884309
884409
884577
884672
884748
884789
884799
885123
885478
885494
885546
885580
885740
885758
885904
886065
886244
886339
886443
886594
886620
886719
886786
886831
887110
887318
887357
887375
887631
887638
887711
887723
887928
888056
888064
888181
888201
888217
888264
888269
888340
888464
888526
888585
888720
888720
888725
888776
888800
888808
888822
888855
888873
888901
889056
889292
889448
889549
889550
889697
889703
889739
889797
889809
889895
890176
890207
890466
890480
890515
890543
890589
890737
890849
890905
891272
891288
891321
891349
891382
891423
891449
891739
891754
891785
891993
892144
892345
892373
892395
892415
892529
892720
892754
892957
893349
893383
893392
893561
893659
893660
893664
893665
893695
893719
893743
893768
893790
893877
893889
893980
893996
894038
894155
894278
894420
894486
894574
895124
895182
895426
895474
895475
895613
895619
896230
896253
896364
896456
896461
896528
896542
896741
896811
896883
896985
897122
897131
897203
897262
897265
897465
897593
897673
897970
897995
897995
898102
898193
898195
898258
898295
898423
898679
898682
898711
898728
898733
898759
898854
899023
899044
899056
899097
899258
899359
899362
899397
899448
899502
899513
899587
899641
899753
899920
899945
900046
900158
900306
900325
900349
900351
900360
900372
900530
900727
900750
900812
900983
900989
901063
901392
901473
901505
901507
901564
901579
902022
902037
902193
902403
902776
902983
903001
903018
903317
903404
903516
903571
903702
903731
903899
903997
903998
904005
904219
904226
904240
904255
904513
904552
904689
904843
905223
905404
905756
905849
906159
906197
906201
906366
906503
906596
906698
906749
906749
906844
906870
906895
907113
907266
907296
907409
907434
907537
907558
907675
907681
907706
907809
908294
908392
908504
908834
908876
908902
908941
908995
909441
909445
909820
909889
910030
910073
910102
910146
910162
910189
910322
910454
910803
910854
911025
911123
911129
911318
911346
911386
911548
911584
911603
911607
911729
911862
911950
912013
912079
912129
912154
912192
912219
912429
912478
912666
912858
912893
912925
913164
913284
913365
913470
913565
913635
913648
913878
914053
914138
914186
914244
914361
914633
914664
914680
914805
914940
914985
915019
915041
915056
915200
915367
915494
915600
915825
915865
915908
915943
916232
916280
916601
916696
916788
917015
917319
917364
917727
917756
917829
917892
917902
918050
918064
918130
918135
918188
918189
918244
918277
918590
918831
918938
919017
919145
919250
919269
919311
919416
919474
919556
919890
919918
920128
920276
920314
920512
920519
920543
920546
920627
920634
920661
920856
920857
920904
920975
921128
921230
921472
921561
921612
921783
921889
921921
922026
922059
922246
922329
922400
922417
922663
922823
923003
923259
923274
923342
923534
923659
923763
923807
923810
923994
924045
924127
924141
924244
924257
924398
924412
924486
924590
924727
924795
924855
924858
924914
924925
925223
925269
925707
925990
926032
926205
926311
926478
926535
926767
926859
927025
927211
927328
927642
927690
927722
927943
928169
928277
928321
928409
928471
928493
928708
928811
928932
929456
929472
929494
929652
929719
929797
929814
929831
930034
930114
930271
930276
930302
930379
930408
930414
930521
930543
930681
930885
930915
930926
931126
931172
931417
931482
931664
931674
931695
932026
932113
932258
932303
932416
932616
932669
932705
932737
932801
932902
932987
933065
933073
933163
933291
933389
933579
933600
933603
933609
933768
934000
934067
934163
934311
934534
934537
934539
934786
934944
934961
935162
935195
935202
935251
935353
935406
935820
935867
936262
936439
936848
936882
936931
937004
937098
937168
937174
937250
937263
937395
937454
937506
937507
937697
937727
937847
937850
937916
938008
938122
938134
938172
938321
938339
938475
938539
938616
938782
938810
938880
939019
939101
939254
939297
939310
939396
939740
939751
939874
939911
940022
940313
940596
940661
940817
940931
941128
941204
941224
941237
941574
941688
941782
941848
941893
941936
942074
942080
942286
942461
942462
942523
942558
942590
942592
942807
942808
942964
943027
943202
943218
943259
943331
943506
943549
943561
943634
943714
943812
943857
944024
944072
944238
944308
944389
944392
944402
944423
944441
944561
944568
944684
944783
944871
944947
945045
945171
945223
945261
945268
945308
945574
945615
945715
945874
945982
946033
946123
946197
946417
946532
946684
946812
946830
946961
946975
947015
947041
947244
947348
947388
947477
947479
947703
947883
948026
948309
948344
948563
948769
948827
948929
948999
949131
949148
949421
949531
949620
949627
949720
949802
949913
949984
950024
950096
950454
950600
950657
950674
950679
950730
950777
950859
950965
951005
951173
951293
951344
951392
951439
951449
951509
951537
951659
951782
951810
951840
951948
951968
952040
952168
952171
952194
952245
952371
952475
952480
952510
952578
952588
952775
952910
952961
953042
953293
953446
953501
953657
953872
953940
954134
954176
954185
954296
954594
954634
954674
954823
955285
955316
955365
955483
955588
955664
955784
956049
956217
956228
956329
956331
956518
956579
956659
956704
956711
956835
956898
956979
957130
957186
957186
957342
957353
957381
957391
957396
957423
957480
957630
957698
957774
958043
958174
958354
958383
958608
958789
958918
959054
959116
959144
959267
959286
959287
959702
959719
959719
959860
959881
959992
960266
960508
960574
960579
960679
960687
960778
960832
960832
961154
961182
961231
961250
961419
961691
961731
961808
962042
962129
962216
962356
962429
962580
962613
962656
962749
962839
962955
963015
963177
963244
963411
964163
964708
964832
964918
965046
965061
965075
965085
965274
965631
965800
965819
966130
966259
966371
966373
966428
966574
966742
966836
966878
966957
967159
967191
967451
967451
967526
967537
967689
967957
968008
968152
968455
968460
968477
968494
968546
968557
968667
968820
968909
968968
969016
969019
969154
969197
969399
969411
969414
969435
969497
969667
969667
969693
969748
970229
970271
970556
970579
970596
970745
970837
970870
970941
971068
971225
971238
971284
971308
971377
971399
971429
971628
971645
971716
971753
971784
971884
971900
972055
972260
972323
972480
972500
972526
972564
972577
972619
972816
972826
972957
973018
973067
973227
973281
973452
973684
973995
974131
974289
974289
974306
974570
974604
974704
974751
974779
974978
975208
975225
975242
975281
975317
975338
975399
975452
975676
975676
975952
976018
976167
976172
976259
976503
976514
976525
976561
976774
976849
976988
977234
977326
977378
977479
977493
977654
977709
977721
977755
977979
977983
978022
978033
978041
978113
978293
978453
978562
978687
978774
978924
979027
979209
979393
979457
979495
979527
979627
979843
980079
980295
980319
980487
980750
980770
980772
980806
980933
980947
980948
980988
981035
981071
981474
981474
981521
981609
981686
981813
981831
981893
982011
982033
982165
982235
982339
982389
982391
982450
982517
982660
982795
982894
983094
983095
983254
983365
983379
983384
983404
983477
983502
983578
983582
983682
984133
984168
984235
984512
984521
984556
984647
984677
984760
984837
984959
985058
985166
985325
985330
985364
985390
985432
985438
985486
985574
985695
985711
985746
985769
986077
986309
986401
986460
986515
986696
986836
986891
986898
986912
986917
987025
987073
987216
987272
987303
987370
987456
987694
987696
987699
987833
987858
988054
988081
988296
988606
988719
988898
988898
988934
988951
988959
988982
989263
989297
989429
989499
989512
989716
989725
990014
990031
990193
990229
990302
990523
990615
990783
990828
990982
991033
991050
991073
991101
991189
991327
991424
991437
991476
991520
991607
991613
991727
991958
992048
992048
992048
992203
992289
992469
992486
992538
992788
992839
992881
992963
993132
993170
993256
993477
993484
993622
993724
993742
993785
993902
994079
994260
994448
994527
994604
994755
995073
995090
995317
995573
995656
995865
996037
996346
996455
996470
996484
996488
996493
996542
996823
996871
997048
997144
997160
997221
997223
997349
997557
997566
997668
997690
997773
997907
998024
998299
998356
998450
998693
998693
998831
998941
998955
999025
999032
999076
999377
999395
999458
999601
999658
999659
999955
