272403
80626
169547
311164
776295
615105
531187
538257
419318
409772
343961
945982
391534
933609
608882
366468
119458
32846
699409
286382
717074
767741
452231
895
52714
511035
694158
687658
293067
791060
993724
455293
848427
312908
986912
707561
534743
830301
542519
906870
739850
723404
97134
521768
803637
870069
638869
883327
389089
117343
254815
49626
830866
953940
177132
502677
855554
79641
405144
567342
83332
107783
76638
821947
845299
681051
893660
396276
476529
100918
868789
431600
920661
998941
30101
800635
107233
966371
955316
738798
360478
941936
125355
656361
315117
528165
59525
134366
295298
759915
618765
974978
110247
941128
563656
106019
9986
390344
571244
649895
577600
103414
970870
31489
701633
90199
866973
512422
643570
168143
464444
224859
905756
655333
189172
654727
810081
647793
769932
413718
336559
251536
771940
885740
129997
272334
622588
908294
822064
859069
685415
303375
259373
516869
145626
239347
342518
316433
301873
721317
80455
132327
158943
559747
814283
137217
54972
329193
745004
235440
448810
489827
867823
89915
502426
852243
549692
412838
341274
853298
783408
485984
759877
269557
968460
37188
190833
965046
717818
421796
597253
353791
575200
809117
414288
916696
75192
583393
225728
340160
254133
579171
457856
746634
913565
996346
105367
733522
859164
686698
441830
963177
690
390482
247247
780421
157998
576029
714651
613863
243572
272094
393509
57519
338043
966259
979209
143460
835084
429077
871284
345637
595044
979627
879146
430612
440671
703930
792969
413823
299629
611727
320262
455558
899945
22401
420660
992048
144595
369882
214670
923003
390816
995573
900360
856928
729991
747054
546449
571251
154135
380535
81213
600567
139813
841773
76201
270253
350859
500560
400490
564185
337509
18496
80319
71879
40151
511520
152172
41610
794920
844254
340982
94983
909889
148766
221556
771739
702937
487246
633024
973018
694308
502536
956331
182408
341211
716054
322668
545293
546020
719355
531731
76988
519917
483240
103720
173995
239934
946532
508419
79101
740008
184958
449808
248370
636670
778773
26874
75864
390701
551632
813431
272276
57573
514232
17455
171820
554459
715649
566256
835338
826412
108012
859189
329411
516063
690981
417896
425826
542870
316363
566084
323255
908834
416817
399208
506007
682218
333627
404109
191868
170661
198870
232740
395332
649721
914664
992788
403533
313165
644398
901505
155681
50044
587479
107596
801787
354420
308724
587069
81422
505189
673549
135980
445056
958354
944308
544998
145837
851770
722565
445817
156492
408314
200498
231651
747793
564655
90208
784636
149959
960266
590804
852624
412935
951344
786428
402152
278762
574171
703077
529201
623765
537513
79923
522136
782533
346998
994448
866309
739631
163403
485793
558570
64308
861944
941224
538483
386259
81486
970579
778722
261260
120523
218003
367409
945171
639122
155752
132732
938810
908504
753057
276625
997144
39372
54078
866865
257471
117272
618414
70444
929831
440987
977983
991101
780878
413584
177536
959144
991476
140051
971308
109218
981609
100599
177141
945574
184682
183620
431714
555948
977709
787048
865170
970556
832169
490744
402953
525387
301816
984512
763058
628584
263192
770378
670779
798272
580906
63664
55721
831346
989512
176986
462921
93254
864099
969414
351665
762988
21999
519518
723634
850284
416038
131389
457902
525327
971716
626605
593579
944783
536311
309284
384085
432089
573260
408329
60762
656016
545152
41981
735479
173877
384242
159323
343250
228458
486038
303722
905223
209728
602781
328385
116686
920519
252525
688285
559202
782149
90950
862577
730994
396142
694436
800585
778742
705768
355452
259771
122184
183164
299027
365816
343095
579956
984521
307918
10415
170169
661083
142037
811091
294335
415431
974570
283581
763037
340910
516656
627957
8729
160968
443826
267219
80836
339516
180732
645521
19069
252966
358204
166478
294198
764084
235547
134368
340033
805732
343982
421535
295398
285460
668348
852866
492381
637081
694421
538101
728302
277950
622331
381575
783103
521650
668933
999032
254434
71574
723741
120948
600844
496173
107389
595912
139381
101834
523320
965075
668150
228582
132471
550299
869038
534443
648579
688622
376542
375531
843943
257396
263480
52572
883184
517874
440974
86671
92830
743140
745226
918135
473570
1361
659799
842153
975399
753453
658144
46238
439952
430459
806308
407574
574752
879256
367172
635592
401612
163363
142788
796444
381970
180241
596223
687966
285273
213484
771669
453059
363506
107729
271372
439576
47956
506585
483573
376982
685563
343525
633590
95608
24548
368458
158182
104532
845453
295224
70858
109433
137183
299907
579714
98268
410908
31557
475436
347457
63217
356794
668503
701913
822659
199695
657863
446781
660982
729782
530106
175003
353597
79755
457764
735759
401934
119003
405912
214404
850213
950777
93088
393786
202204
364623
747629
138155
787019
573085
9835
93537
232100
82555
947703
885758
990783
984133
49774
592032
558738
136733
980947
805768
919311
197302
976167
2170
192166
295701
591143
594903
532021
284058
496876
556796
139694
939254
447580
61118
70782
562152
302072
692749
92600
57287
674172
632770
736197
438646
813797
947244
732313
285141
396582
904226
159469
10720
878949
296387
37292
421984
672096
771918
116247
957381
480404
437273
702586
606323
815983
575518
767718
137132
417617
131919
117982
778075
273867
954176
644392
173361
932669
325527
757701
569251
296363
45324
856105
501032
600152
382125
587410
217976
780059
691933
775969
243445
257719
919269
191387
413083
173604
598468
245712
897970
514328
676601
363657
917892
1576
602364
720383
659206
287983
648683
399017
599337
71444
632949
16623
982450
389725
137960
104788
384664
823388
362900
318005
86987
232158
863156
65328
139963
599603
475761
359683
367805
925223
447694
847113
327089
13731
808275
967689
161939
106108
140697
467919
494646
519028
49564
64368
897995
956329
935251
761447
417059
676610
671932
765003
790665
984647
335291
602455
122685
173820
863037
965274
974289
333209
580649
636505
314549
496685
591838
835343
200151
434035
610429
239364
867866
576310
981035
806146
514477
970941
396567
573605
405257
160381
494432
273057
101459
60543
256719
287578
824449
631710
425382
524633
998356
701228
899362
883532
448435
72187
976503
845246
449752
267031
997223
4290
486723
451115
962656
236567
841487
476289
290921
205612
184336
671075
562640
529383
660246
841626
859232
14308
405498
434446
121690
303690
311122
879381
995656
425881
624696
836240
472899
559503
124413
984235
211065
672464
767383
818629
166133
287591
364359
392408
203014
561300
472792
643488
378206
131734
77813
44869
653803
591881
589619
880356
691009
278695
118041
276654
661651
412415
927025
207860
962042
761189
350596
137305
458588
265911
306519
480127
406873
460576
50676
529920
938122
972816
542197
524543
294276
640017
178361
302421
625106
980295
4449
551074
836112
625375
36178
627089
502351
352850
976172
451839
765137
842096
911607
316739
569516
463782
912154
47381
442181
117181
47033
920314
689896
84640
533265
653349
623724
830979
197550
205129
130744
543841
178007
778303
390650
972480
910454
400223
400334
224964
379540
915200
334084
953657
879274
378367
736851
247261
781998
135519
587497
611610
63446
841528
11806
946961
190046
530754
408812
749216
673608
14347
806100
545656
365719
174982
233262
400090
587537
842539
143788
123402
151310
203337
557140
499367
596023
300829
665246
930521
324323
104583
19157
354215
155989
106717
484092
808688
882343
598715
582341
90031
720856
391975
541043
970837
718077
285226
673524
287289
817381
592172
935195
270160
454048
659114
830723
270315
203284
251663
412773
862801
66840
26459
470940
391116
655069
191842
294637
163756
665420
302891
186151
873477
975676
866454
674270
538054
1828
707977
147859
667482
187549
329832
446031
778870
596198
892144
366115
636007
102149
581887
880209
110046
212268
412226
779783
352665
64711
338525
809772
307216
780162
517828
575947
14073
329426
73072
90196
362253
370075
631523
915943
438777
716171
122030
451160
784434
819129
101599
466802
267975
758669
900983
275763
341232
931172
93405
412890
592739
243554
389780
872508
375130
921889
665352
183872
536976
572194
104939
571529
81145
259437
713737
182661
982033
158039
978687
679886
126998
388996
144654
33041
271956
81512
644099
612801
67554
999659
2951
897265
567076
446801
580815
450285
202843
960508
766818
308983
703796
466132
321845
305747
163970
2492
521391
289938
391234
943259
385979
45897
355454
736115
742098
179789
11834
516628
841726
252458
696136
861602
181102
167605
34083
550221
966130
670307
511277
794192
981813
997349
702498
706403
492353
866514
816080
27487
437724
190556
717715
873034
530041
304959
707901
422391
147256
253548
541565
160363
320246
161922
723283
406831
17019
703826
100517
43392
459289
116006
848248
923259
910102
791142
991424
173999
289089
645340
705991
111790
329180
557639
672646
411994
619537
687365
631691
317626
612447
990014
333166
55854
685626
696324
224034
728498
870940
641140
823479
712209
815433
921561
980750
332536
373994
932303
431372
151016
457558
129549
594818
463753
601016
189407
358389
140823
424678
487860
657883
400886
601328
662392
906749
217118
772923
968546
455856
330993
430141
758730
774830
155277
521478
354840
321597
122360
619921
111431
631151
408463
900351
569236
466936
486992
536642
754104
853773
78666
96924
977755
59372
820213
978562
657654
155641
512851
669258
37060
594105
637298
366272
544392
744343
266677
882136
496493
296893
627767
222236
457741
668469
833272
487435
476149
46911
750316
997566
113753
112176
761575
234556
21910
477094
128530
445918
168669
161626
898854
652071
325182
287949
94591
919556
829727
988081
52721
144153
950024
894155
254522
627421
545751
152481
176325
856172
901564
865687
907809
213285
401658
251781
349749
850677
7756
509995
635412
274862
751210
851757
875489
326315
313143
837800
73146
19811
726881
794215
861905
729846
185452
332892
303362
717726
212577
347790
607710
564284
859390
384833
924127
639024
209176
782909
356129
959286
993
639868
407329
900812
932113
426487
628183
275845
983404
160653
842663
810448
891785
869761
598540
726511
870677
666098
710217
741347
637371
506033
692483
24089
414018
839
629557
871107
882646
776607
782672
844583
10906
554779
454496
661713
44367
330467
786828
663773
556744
15866
431889
262180
377417
395102
60386
682448
715400
856329
358606
92673
881548
974131
25519
655285
377110
79080
918189
903997
114769
648679
826842
517103
51059
359215
530314
113177
233242
328241
847022
271563
152831
688662
899044
104608
166390
610303
994527
514866
849405
28693
361327
291563
10249
103099
949720
965819
959287
149549
59432
3868
180246
757178
84152
421660
966878
25839
558778
525416
934537
134678
859984
615566
605238
497056
937263
124737
782540
8168
98991
281318
97675
924855
78989
314076
700538
220386
63613
235951
859373
194034
304086
235188
542677
543101
329934
40572
689773
281221
334384
520086
290668
902022
144297
113021
825990
260042
559075
900989
588732
106131
501374
61111
33588
722826
388908
863824
797321
873876
280199
725085
693896
506228
915041
830337
770821
707723
972055
454960
894420
698782
710880
4066
480218
52411
63105
285574
321422
75879
139539
514265
169180
790892
444073
709934
978293
750866
5085
653468
456483
221748
801101
454843
247700
103991
993484
357365
765893
349707
144840
753832
751892
273698
802775
186751
845234
423508
353379
575219
833258
945268
801133
8886
183223
986077
359872
952040
566613
30469
405296
698230
457272
502489
532095
288187
363329
327661
382804
510503
190508
789079
136060
778454
141250
511096
268099
345655
492313
594006
235470
923810
682001
638903
318005
298800
559501
29772
779641
412141
40673
455896
920904
363067
289141
151026
424362
693937
69504
803375
3963
668830
355988
27983
896542
298319
183460
413162
354422
311806
499619
597322
155851
675361
382662
934786
37436
192437
988719
262887
54486
681731
693832
239580
808763
597680
70226
944684
583984
506486
503226
670273
409911
895613
876474
154853
10253
640665
309442
115644
615058
123895
164999
340804
623013
584000
280703
621721
297744
618906
830154
949913
627804
940596
246306
298640
563442
170202
77696
276778
284587
407509
371846
333129
686349
640166
446092
805817
113693
704871
796153
981521
403424
547005
330704
650240
901507
333052
53488
48962
943812
570576
690685
568335
524899
8752
663230
277123
781294
780831
624369
884149
913878
116150
506619
38589
423520
413169
189151
27424
837960
691816
627807
729697
461602
793654
999395
972619
426814
177795
638518
999458
263123
186523
516145
563126
866295
899023
536254
558008
4367
158324
37131
817995
710863
767604
656639
26406
698760
532484
462419
2183
706213
218770
620189
902193
956579
697289
285093
271067
123061
967191
933389
868776
987216
10212
525331
205344
880083
193003
754720
250508
757769
948309
191516
48876
741522
887357
486969
513740
858984
218216
567149
708357
821491
140038
183629
690999
188761
702829
584413
374824
203859
761310
387618
106056
976849
403020
866832
322619
548475
645334
11596
829402
636462
860797
654020
78629
683528
335168
425736
122272
920276
661894
158185
11599
27956
15719
841357
951005
225820
647609
555818
274289
100099
193524
270971
904255
15343
758560
182071
127060
565718
725568
694706
998693
422508
68760
760578
493979
31926
176266
652360
929456
886065
983578
230837
580249
539827
548944
590371
784039
798953
87789
814609
269491
511846
455503
365700
796279
673356
496335
726851
501947
372984
896883
736810
14636
743584
90162
564962
15374
90175
541054
965085
915865
90665
609878
208154
140540
260556
499711
380683
200676
187815
214825
187286
588400
33790
479206
833371
36775
137943
828286
90161
815769
167210
393330
733605
839035
214822
565338
484444
414433
855833
17802
210216
431460
938321
212442
458765
712151
963015
697971
722529
242610
645305
417910
562224
159439
76493
483045
695178
665225
666543
466636
7560
893980
888585
432268
663285
998831
972500
321051
343114
629115
588994
33699
101850
702314
239370
286659
241691
720392
955588
66671
804621
188609
907681
377535
479186
89179
290801
145471
201489
239066
950965
320805
260314
197301
816401
716430
828215
273716
802475
941574
759785
514358
151918
906159
904219
566142
742431
338563
544297
556038
266657
852442
899641
974751
295843
560393
582117
512893
54715
893719
700517
756314
841727
892720
317023
689432
210410
266805
837510
112715
163612
545976
580327
352174
680609
566682
680573
582745
431130
918938
858535
937174
550389
215626
294200
357419
876599
951948
457807
241096
586972
407636
123386
924727
839805
369610
43558
194809
786757
25098
160769
960679
716671
886620
446106
437532
703161
939019
489478
30422
532902
399355
888776
321394
932416
157508
372992
576682
118640
761003
897131
627056
833045
405191
941782
350845
209499
17210
731077
501114
26584
730579
505060
866521
902037
381288
452261
752464
102086
833001
9255
4847
367267
644399
326299
108294
841021
77820
662348
782286
226877
200881
476142
377621
606026
775302
587367
166539
173090
531300
711097
746263
700992
166426
607373
825307
423150
95299
888901
996823
732143
996542
291666
311904
87496
153034
22846
704552
198093
359618
475735
25806
743993
485690
551953
148496
111405
722181
951968
326412
111650
564797
957353
15531
85376
847650
253606
900750
985574
758616
842583
327464
241467
457071
274256
479250
386773
639103
117156
112911
696729
267597
666121
24669
204083
381463
99541
57841
350472
784826
834711
190947
31437
271977
577730
472220
446834
654745
349589
80044
743692
790773
809055
218958
262315
478786
402822
732497
746608
582626
577157
94927
10737
378903
660717
380486
536467
240583
5914
955784
224719
805127
172779
176072
953446
453533
984556
967957
661637
526704
235859
969693
13062
915908
604122
49067
171329
90579
884672
887375
326472
160159
483916
764196
803477
423504
181006
641334
743948
495244
699837
967451
838236
568245
914138
756758
17847
459000
490023
209890
894574
591026
556330
82497
248238
345085
826901
631842
975242
503340
259310
528939
736576
380809
441601
66826
771146
658243
594864
326153
698504
441975
702545
39970
240568
468295
188829
388296
859713
206229
538568
888269
580989
6137
500810
583174
201562
590519
44266
186499
84958
230643
419448
547684
608199
176355
440387
591004
578948
22828
853333
89377
867112
734122
630185
810035
752112
774941
126804
455092
99643
644279
462708
596481
888264
773203
578231
446568
47866
262462
428578
961154
800153
8163
678593
753777
807880
832243
11458
582514
943634
466291
962955
485022
962839
372513
587065
712201
316505
351189
838445
260595
236835
849939
789512
476257
323927
561056
794465
772116
606904
718867
200240
595312
146080
152053
168228
564656
10205
124088
821960
510470
32729
5154
150674
60453
770083
869085
597732
978033
659782
443927
427428
497887
345882
254292
302659
377388
149920
73086
47456
21573
486371
281862
282894
212695
741387
724368
681072
862315
540594
822388
526553
623059
873114
517506
546461
806633
893889
8370
158496
883253
637197
294858
717630
91828
724647
24726
862122
399733
449750
945045
871349
739410
286917
759239
856331
823219
778100
128391
11716
61819
299828
897122
397499
62694
943561
954634
196874
440358
378080
650392
242369
93070
263149
449654
161456
37016
912129
603887
580458
629294
72337
248297
501151
932801
24916
192798
879800
502533
597902
93534
284856
395851
224893
305037
670565
29923
135621
952910
669253
419556
553421
81386
258688
778204
254224
959992
577865
61488
230968
800842
695718
288157
484091
138802
348081
672486
761137
71736
695768
996037
598935
444769
903899
992881
384982
702693
689808
768088
235072
673125
835813
342253
140684
158282
23836
699815
581364
838070
641115
333379
787235
411944
34276
557304
775402
709211
87284
810813
206522
893768
68773
886594
70090
468578
311584
883087
988054
400600
983384
692189
305131
444874
357087
482889
671816
381589
957186
439927
541764
479936
172382
166682
137217
565945
524950
936882
825168
724217
507209
70943
129132
739850
87051
914244
520371
842907
969016
196120
497978
664647
16764
446315
49759
14184
781905
550278
978774
709349
136848
985438
604135
370666
99185
355771
302674
608336
756594
137330
693078
745795
52021
860123
942462
331290
509168
896528
401939
698651
461534
619190
97401
509201
322434
734058
892415
291249
561869
236186
928932
330717
297576
888822
553922
618991
80938
140311
516345
552533
528082
588183
671205
934961
301745
782495
926478
382672
341513
849157
338957
794701
706524
838429
888181
814297
675454
708694
701214
756204
972826
145806
942074
851767
279134
930114
444024
395235
785115
305321
811283
267352
24413
434857
455267
709727
785707
70554
412049
209083
220477
556402
917756
985432
130531
388295
879976
721162
28256
594749
771184
251497
868653
874291
39617
103479
320425
104026
619016
784563
83887
843980
468061
843172
480581
355599
374618
126754
491425
858759
962749
154204
311839
938539
228648
462285
50922
318547
494621
270640
790345
321833
799298
489320
113622
797186
194072
124334
333001
587898
201830
130274
805676
524488
528050
536505
59688
942592
821545
344857
53980
956704
822250
851799
974306
951449
226705
971284
545772
592987
278535
680107
118717
396981
264370
877989
562173
573337
699131
952245
88265
582606
649857
601608
473010
966957
834431
910162
791082
347310
210993
122950
594501
352205
242028
585976
765093
724102
105399
918130
929652
418383
840439
690493
518
16539
242274
74749
241410
880254
89343
928708
157416
318093
739611
791652
747388
426095
361605
614260
602698
379961
15663
306245
244498
32825
253307
980806
371795
285493
458583
211991
853668
632363
543121
488932
935820
884309
219621
574150
619217
685880
768933
692660
746412
107575
506960
270998
28929
76778
19119
410452
478580
931482
65861
921921
371747
977234
779541
372757
727148
338120
741334
707779
666909
912858
767960
540474
11411
239573
530753
911025
485542
280697
313867
35501
599633
839532
301214
896461
650910
362080
25303
761608
792885
590743
956228
438976
261619
359771
438166
896985
144130
444447
823866
308980
255274
185284
883990
698790
206784
822268
119558
110605
328274
28425
129219
312958
241080
859962
758933
942558
750722
751644
629799
793997
423112
495495
917902
346478
358338
613629
496480
902776
713663
64190
912666
213707
904513
713803
630670
150141
238321
435523
563621
653951
903516
115912
431414
350930
304333
388761
450252
771026
48422
98278
975676
779312
927642
14236
800692
468973
968477
879535
423567
316695
145431
461085
289392
374312
108502
169289
378614
914361
117151
770617
792086
216978
215383
646566
828791
505131
846427
341007
808884
347397
74862
496933
617969
843228
159096
134958
930926
156862
10730
392208
234112
966373
866113
473258
778625
63952
140586
414337
286520
547703
770428
289009
87586
282681
411758
178412
21276
54727
828090
337732
607733
918064
856185
150909
139043
827961
715715
469902
223062
685484
715320
235606
376358
62480
27624
44683
388998
765810
538752
356565
565632
36350
5666
206760
948999
375530
393180
92591
331589
661300
48624
222252
45471
721891
194115
519613
509137
593130
84946
937916
871716
101808
630165
937098
761805
552356
323700
6867
123063
427032
25170
363876
303123
68773
88445
699300
949627
299416
562943
45401
657307
326424
117548
941848
26311
207670
284075
19314
20164
72706
866298
947015
107853
53986
844411
444482
864529
954674
89144
267299
1254
710885
785813
467329
983365
182328
495397
647278
957630
995073
901579
960832
496905
362043
434514
861126
615060
88596
928321
566738
516186
633403
796550
697185
295217
911318
773919
992963
262671
878753
395333
192620
365763
740927
276138
249214
968909
614384
611707
803178
424349
382559
827419
342181
210094
710585
42581
776243
879547
264961
541874
668994
496511
441406
800015
460252
581948
22775
547163
437275
237959
60595
165581
266484
979027
91689
623246
38011
526250
476515
456525
725012
787611
538228
558968
763147
960687
173186
347832
368253
68692
871552
689916
689870
790657
291015
474462
396034
864589
139858
581266
606768
518488
402390
300877
185670
578284
256008
743174
811024
368696
391798
765871
771584
177232
453302
668244
178992
870292
839484
577254
373141
54710
587864
505228
153085
578594
516107
875669
552587
816168
664007
214203
193314
732839
941893
735698
144751
625391
306681
413786
28748
197709
630994
774380
999377
101688
211198
642089
925707
404188
661692
796361
499184
690878
929494
899056
595251
948344
139238
173827
180473
256961
773332
893561
862983
18314
478988
197487
878677
934311
722970
80523
528538
183610
141672
325156
449894
704084
72970
933291
849995
565141
197494
766232
540686
917829
272382
34909
414793
468851
24904
363831
389599
305280
332905
947883
129507
86261
922417
193583
733006
510361
63027
816717
397027
810337
953872
748121
280374
698338
263206
849243
730225
359311
459618
61603
101430
841526
468149
678054
548328
668307
889797
78071
151601
690306
114270
981893
876257
380433
983094
168737
914633
461442
680577
579005
546743
604124
997221
392791
127394
452381
997690
955664
845081
540031
565034
446766
670925
504722
259208
400509
789701
217698
366875
312429
391246
899397
183287
911950
451838
866501
741061
12177
881009
711603
924141
590245
403192
325876
882387
286736
664831
292100
490444
343479
645311
137388
152856
53003
798075
590601
744422
818764
948026
167782
769287
73988
663756
558001
521152
937250
668178
561956
931674
279229
775624
272575
415956
131639
103749
57595
425286
376221
849246
906366
159502
486629
231600
65976
371092
428414
462562
295140
893392
153061
871235
974779
44092
513231
884577
754758
582043
634967
132474
324653
215117
771017
15949
991189
338358
991607
338988
9371
829343
201520
750449
194283
787457
171779
611735
857311
496061
956835
397742
503425
542920
326393
679532
129007
699383
415200
940313
371336
982011
791423
653774
636039
880823
300699
928471
166460
226968
843115
131131
373839
144165
75920
903702
728622
735424
341724
955483
268108
282570
964163
71130
448284
715325
812163
227098
518908
351346
233657
939751
350151
575393
103562
551887
510970
60887
142225
361218
217639
712591
373207
760821
377049
988296
134791
947348
193338
124116
349148
944561
832937
331061
816125
731145
26678
51527
843041
806705
178272
523523
116771
620634
813660
758570
461001
627577
597003
548925
251908
694685
331907
843859
807115
595168
927328
744197
739023
467612
921783
842061
662433
143466
549085
547985
412463
154850
822322
612852
928169
791337
948929
817994
31747
531285
311034
854440
260370
204300
974604
223387
423507
344068
363133
524812
884296
243021
87384
726305
976514
134318
492473
237186
915056
175429
883010
358517
159225
675463
179998
803276
482409
987694
589641
565961
532932
94885
116631
780458
157288
618460
468207
472502
875119
761656
482686
124224
785942
516697
652725
613277
117094
831562
300632
169465
934000
309042
314945
396198
475942
606182
349807
821108
514980
550966
857983
907706
773647
990193
915494
40835
581434
29769
114976
251161
728037
463830
760476
748841
649140
736677
855954
580156
70711
571479
191601
217
645521
205446
10828
137221
187276
504281
250460
321937
326534
23782
552555
425112
212783
699639
778340
652437
969154
438388
448624
340542
934067
716234
638629
594867
805025
488810
425907
652300
393301
458948
577365
376029
891349
771987
319079
675937
822825
118070
156524
973452
522543
284769
611952
335290
413592
72183
865403
753200
285791
439873
76954
805400
169120
516413
800656
131528
531601
897593
813729
876511
602584
192770
253589
435626
88836
161370
434947
183150
614119
118157
822216
374754
907537
596329
672299
857748
7325
174901
517573
415008
250391
18286
391675
444407
240888
982894
596609
320364
222174
48068
980487
232026
67863
540805
479753
490947
510100
244522
343841
192889
226895
178024
257963
149241
55553
246249
855554
589722
637477
789016
167011
508844
332208
555612
371957
302075
913164
939297
298348
700626
983477
627612
824953
184969
832870
805319
449366
251006
951810
89711
318755
636253
227424
82665
334750
736861
154839
292869
95381
469677
255494
980319
345875
484872
182357
577121
985695
322369
496138
409096
810654
643608
62781
542085
265206
842519
755554
857325
336478
57518
886339
620046
129727
381334
275013
11134
353741
396764
369269
126985
101774
259210
586528
448505
74435
322964
604982
22713
800498
682423
329939
883571
139606
73265
990302
242253
794092
222430
745428
979527
494499
327439
519044
28340
194751
53987
598807
150641
259269
87383
547623
332692
814276
957186
510638
443458
109876
849555
517448
541452
598136
638621
700115
393593
163602
374977
221173
900349
629382
898728
177776
859110
753188
416820
882776
938172
565765
71836
254296
956518
471885
88454
857219
115784
228411
510164
52066
101124
930681
22171
521285
623096
866062
91087
368779
913365
515249
400198
395091
675453
532634
780875
870305
353784
422331
500275
41806
2525
812577
352931
292239
426117
748271
648636
127763
906698
514560
313443
837125
980079
526793
158575
91913
763833
750084
216119
973995
794783
246168
791955
850664
518342
277030
147564
302407
837126
855847
906197
967537
469882
949620
467303
300443
116152
71705
611023
636390
637011
542296
411657
249470
250927
16986
282726
869481
142908
120826
711056
348719
965061
253405
244503
968667
84402
890480
509510
988982
945874
369262
628645
209727
517395
490062
56805
235067
944392
400764
778823
856576
574630
544793
791379
659754
498059
830463
950454
576178
893659
694034
953501
888800
377956
971238
381515
865506
811447
800870
764589
271845
83306
561435
316418
908941
667976
583740
187233
64941
79643
405370
725651
625537
448858
714210
447875
451962
63056
204574
957130
696874
648827
678551
40627
876216
49681
652702
633477
252771
155464
942080
283230
688856
804514
649384
284758
875158
610741
436779
569765
568276
308596
787202
517231
426196
296306
430097
473367
154490
794765
408286
196162
829394
825128
793358
588176
990828
238184
856193
633106
154488
650661
634822
96384
804562
996871
242132
396277
705778
568004
83150
699044
16891
513689
535203
788121
678572
747136
261025
705162
666175
609867
469941
463027
486457
379640
9607
557090
931664
534488
653137
172171
878065
772141
583979
527272
395342
652057
855777
665213
214680
802781
387552
96747
895182
902403
242500
159035
284379
348451
364809
972526
384138
937850
456695
775134
350832
722028
472816
187732
204478
130046
495064
755730
491941
381758
13775
256725
962129
434197
185795
778471
204136
488823
527925
348888
676004
667982
290545
807966
554314
21234
244215
824535
379334
737573
731359
528800
926535
682236
581375
182583
906201
798877
717334
891449
835855
474456
411353
741786
130447
639039
245407
786574
991613
624652
944871
18014
206204
839709
765578
199557
954185
939396
314879
46072
530938
738661
125488
63931
924925
376109
465225
556474
227914
831735
144627
626230
565499
168803
631779
130026
656782
207142
523332
787130
684021
385066
479829
44643
668250
599135
564998
53087
231434
373784
997668
587724
504205
105515
768697
313367
191947
515290
394347
221255
987303
203338
373828
615317
882973
192527
570985
154589
329073
483782
715455
816179
380350
276204
812628
693646
15482
245900
21683
847837
208556
399587
806821
16800
421691
565857
836693
344987
726433
594718
725798
854726
82567
324399
724074
347427
198185
473703
155171
709163
362881
23873
548694
773660
266621
708956
765646
931126
433803
761643
482188
478768
786785
55344
826502
676154
564320
350294
419265
88295
759156
4296
57498
655587
590371
742943
171411
968557
189012
357319
697766
394166
460250
898195
294170
755572
59410
635436
652182
460073
391341
870612
145360
659517
989499
929797
752598
976259
943202
885478
673685
857941
221434
741419
714827
859779
529485
106199
668384
26857
712339
680322
102079
598374
88999
541420
436477
542242
511798
391814
280223
889292
937507
583360
924244
933163
369185
403741
609464
788723
11044
746821
971753
195683
651320
30255
576332
765142
649793
988951
817097
480908
243697
239019
601466
225903
74353
801297
335419
612098
361500
15612
592022
750477
342272
684029
992486
127117
799850
103274
990523
268742
651604
413301
245215
988934
272171
154726
975452
289266
294807
958789
332077
224795
672858
673803
509893
114275
552634
81454
50705
914805
26136
163819
653642
267687
623546
384691
933065
852671
744687
123541
294706
735149
932737
6850
154081
448736
319753
377117
602581
246952
13290
202230
838048
469415
587678
647879
235719
11041
556013
652016
980948
55715
166853
265543
280817
309737
788861
814355
643941
762217
375840
845804
291491
891993
880225
890176
912219
535036
993132
820913
630351
991727
847564
692771
590475
246895
405635
409944
229279
109529
510900
14280
805992
524992
531569
333031
66529
816112
837042
739493
923994
495327
262119
107122
289874
179076
397029
500831
871800
827076
198314
825164
400398
574553
939874
640126
31913
811425
910030
412149
537376
574683
340157
613798
450275
512557
369476
705438
850295
715878
175059
541257
681279
761410
964708
501022
253693
448772
360607
13626
365499
115892
52635
849115
510730
978924
106499
523369
842309
808307
328493
943549
118162
14774
899258
478598
900325
304911
291818
392126
686113
661717
375280
831705
706874
151731
401476
123066
345730
427613
875081
865188
588805
576613
474946
829800
426502
142166
901392
998693
163135
362228
320519
690125
107601
496079
570526
773886
4297
245695
221079
625355
467444
386456
772010
117908
401016
321973
849307
142420
682396
730822
758839
959719
348328
355796
50460
266042
509997
235635
171835
596604
97247
162639
432643
419831
574514
373269
993785
616600
335389
898295
608263
912079
473685
598469
396356
410028
894278
534144
41648
806927
52872
504363
550916
925269
344274
866225
951782
651969
618800
78250
936931
668179
505956
300123
89091
312328
190031
132296
989725
745371
474287
885123
158276
741849
331225
672484
545046
302464
410224
879680
216539
824276
630644
828816
398820
228694
525459
797182
444403
515243
522136
387534
183335
557214
639442
194622
183282
991033
503186
467409
608158
230956
829591
306733
833888
60742
918590
46101
132270
212841
825561
779115
312311
546177
185917
693090
224780
800586
329097
152925
980770
119506
776231
528096
480873
926311
357815
770313
654374
165558
545987
948769
782683
319256
209837
839627
539983
597055
274158
595685
603581
408143
793860
215791
183165
708236
268877
564918
413305
745655
378047
446894
782198
860194
6668
916601
974704
130498
397856
529117
384637
183932
945308
240208
294984
669922
229569
878316
954823
634389
139129
1569
961182
224780
725636
882085
712017
420482
644039
391069
540426
326078
48594
594055
541856
825826
212898
864006
290574
182378
994260
506185
891423
518938
463021
464502
436304
583710
475147
172769
926205
34291
359490
987699
757547
234012
361087
807376
223519
247368
513683
113243
593894
257983
972957
524031
168346
396994
487840
406237
281838
280555
18530
416793
819361
66563
634225
162276
276987
71616
470722
506932
509679
464397
75454
182982
66783
244489
700293
755033
204510
213983
663817
794556
800810
459655
429385
862172
4737
468355
126457
454551
223778
360286
228869
587583
877739
263467
25668
253952
764831
538916
410643
317579
251307
579223
324904
71680
10250
763950
22474
870540
458994
243305
777379
888340
959054
627491
162994
326635
68148
37122
592065
249926
226525
999025
321060
37331
479535
996455
265923
172938
952510
504249
756022
176929
724225
228523
329102
184408
668410
366957
867145
438285
426799
401565
587056
345188
463662
955285
525185
528671
201946
135419
40342
819653
398047
809250
356617
667377
357108
886719
143373
77694
303066
572195
736406
880808
175916
323527
271776
54441
841681
607596
22210
836257
120986
129672
913635
767624
208807
959719
623855
406150
177601
34182
468213
876729
924412
491354
957391
569840
998024
47929
434315
486427
958383
617584
910803
667936
418267
451231
388249
49358
81748
147100
291533
148027
360310
964832
366663
517049
895619
159088
88445
140746
443163
704397
605553
147068
654808
978041
351876
351175
264531
711032
142742
44027
720744
337207
895475
593551
211477
487994
120176
971399
276657
158134
65370
514681
899753
283702
10562
549907
835472
182249
735749
305709
952775
467885
672507
650778
508343
229391
631679
103857
118708
889895
627781
524844
630150
704065
307995
676685
301431
356369
496446
373021
757692
450353
514234
444028
885494
649108
578150
9490
413991
362008
680321
236052
734211
656513
515195
669575
152275
181803
327254
709630
416051
795948
803806
900372
188001
309670
21945
949131
499383
786769
537815
849049
264528
517132
971784
580057
548411
79140
7017
889809
749004
712642
54651
624970
579858
498623
52103
215065
67120
606995
339392
821022
564547
282271
220872
860363
877538
887711
443318
487460
802068
600066
745717
734359
229478
468352
627860
551502
969748
540810
392015
38907
281987
783621
209090
84859
43526
115618
244019
344569
272242
290644
9636
336902
920634
303475
744963
346599
357001
971628
344448
47063
674144
357720
367364
753304
841989
319859
657617
220743
197920
713682
134817
232220
958043
487540
591162
153478
601830
404157
546757
861271
24539
26122
238200
515118
885580
815843
780320
176982
152295
168883
932987
131420
597070
672787
504615
413532
590814
860521
471223
714946
42269
592554
495306
513116
496288
689855
271386
196620
640359
675891
331393
338619
460633
585815
418038
404578
277970
650708
654837
42434
736845
874554
191740
395589
173216
7667
713369
307368
779977
715215
43314
120042
465578
441246
914680
127967
613704
171835
999955
950674
957423
297001
646978
914985
997907
742337
471647
985166
99180
65469
325623
494028
264281
783416
45519
976018
323606
890589
115275
299483
888855
313731
231985
532761
632069
180730
32893
305567
273738
43402
187554
643601
441695
803047
306808
100287
72450
244882
555351
909441
760817
758591
101541
901063
184155
943218
319532
129827
829034
948563
170838
190837
786486
292245
731668
93588
900046
663436
511822
881461
202259
972577
923274
144911
248403
820265
60774
29812
643739
746036
122071
389364
638807
568875
514838
753807
739229
664437
483455
629873
809114
785105
504133
303520
567492
156385
917015
61650
995865
277837
371168
370075
463819
368833
782336
63651
24647
494838
704384
141966
400401
282376
731063
412176
465094
905404
526703
575307
397064
364783
320099
275003
913470
126795
946830
679090
264557
397254
938782
264760
957698
432355
590514
562917
293949
399265
998299
314835
264982
923534
943857
554084
140459
187529
327841
843355
856714
325095
82563
211200
480315
143145
183374
384667
839176
711605
85961
212233
281771
860713
874686
471440
735413
887631
481467
815949
530402
294099
682684
596724
774033
987073
530986
211554
791702
79331
996488
425734
863467
666454
779011
932616
737415
422830
690030
32683
159426
227157
244900
893877
714500
922026
479007
782021
174369
989263
457266
299843
155540
173172
306878
353425
368546
666741
962613
91298
620748
107707
240125
81097
788092
998450
471125
487942
837271
354695
595901
971068
222676
564546
639841
739364
624690
603179
293880
574156
61762
506689
931695
258165
133253
686782
340693
888873
751460
95014
57266
633148
376050
452459
888056
844949
304435
490065
618250
148404
310675
239350
379721
630688
246277
544427
7519
148077
743338
531234
838662
370710
670814
947041
938134
542202
290828
749281
269048
284999
503945
888725
277772
208173
939101
419178
30593
85548
982165
715996
541884
4627
628369
142530
398162
709209
489166
35354
16447
41948
587811
908902
21215
538287
258597
309465
238649
401598
40165
970271
787084
138679
728390
771314
619392
820514
314611
575665
273306
152690
66274
579977
511160
661340
427429
290803
952588
903404
419753
984677
789787
261152
822965
580467
126504
937454
924914
883654
949802
51412
395400
300765
384605
158840
776421
246769
156057
81681
132095
588500
750868
152903
929472
492019
222592
569842
836739
984837
730719
64292
800769
792330
28952
560464
233658
96342
46138
622686
362167
699266
480024
709652
221305
280970
637164
378748
743452
601999
272452
794867
912925
414980
170038
856836
438776
933600
331326
238302
837056
871363
350788
398072
206367
197764
875148
532452
874895
777258
969497
889448
256527
149795
569951
142960
804983
813107
464114
884409
828695
636399
309235
370097
865459
399102
632918
324124
715523
807228
466548
810050
686842
943331
533006
375244
556758
94179
820476
79260
758651
312018
434938
591164
32345
837661
220704
346003
295065
787794
952371
225190
549066
21288
326619
447714
508125
234109
170866
381546
471976
585362
637367
249096
159303
982517
213146
327858
111398
819360
125253
817742
236319
430226
919416
804069
130686
233385
228199
737011
973281
390071
906503
70994
383244
945261
771530
695631
670509
405939
76940
113725
146400
640908
80229
293628
396341
404195
988959
965631
17565
468310
427217
692789
942808
438052
19234
256884
612111
816842
408400
655425
644266
612797
375593
811959
746817
529538
412609
613286
918831
595292
257965
718211
251339
986401
513326
302098
43096
969197
37587
454674
429879
516773
549243
952194
843817
230596
451448
45506
362318
328588
504632
725841
103383
833554
705649
655599
942523
536791
380200
101587
259685
413776
52341
267762
862882
880300
72956
217465
52915
933768
623272
973227
600796
228666
34460
698849
618596
387076
225020
753450
601187
441952
949148
890515
304312
803145
898759
370681
313851
935162
251210
233246
560473
88994
498644
722439
860816
425709
518710
665624
410586
690865
219705
661573
876720
651662
826631
946684
813223
540255
933579
34932
316277
176853
577664
328857
482971
14015
878646
35499
134857
994604
736585
593174
251949
85118
368884
659792
459787
336027
327890
90079
127004
884799
486865
986309
282820
943714
845730
2696
582133
400471
299925
498425
397738
303722
585821
24811
263374
387053
188025
137905
900530
841895
689406
620939
42805
649511
187643
738349
978453
876915
130971
673785
707398
91947
531968
634136
510427
669875
939911
157968
115218
863905
536142
502474
316618
562405
76
268183
887318
33850
444014
783200
690093
516627
255290
531786
377139
648694
883343
815872
941204
152575
928811
455351
499375
872006
150811
388224
971429
130283
812316
559572
431316
314313
694386
232990
46840
275747
476027
448841
724415
763531
772194
67299
439711
640888
683535
595029
930414
232103
383336
988898
537884
329560
471123
386127
872230
276999
20939
174039
500161
474946
948827
915600
922329
680015
875671
339517
961250
765155
499160
404212
304175
478893
233274
51596
322598
255690
239792
20923
783452
72083
365856
982391
986696
549023
296097
671979
548971
686483
665480
102038
977326
312279
958608
244515
882771
195285
453054
246301
480048
251971
617289
553241
426150
886786
285903
985325
992839
482680
271113
859691
43239
275452
314048
137137
432493
852073
816862
327307
682720
7403
883088
558078
968152
769722
429490
290044
14321
271361
79385
147609
509390
641444
202203
649099
743229
879338
224848
734702
816743
760033
258348
637239
679138
277417
58405
439852
154518
760976
492709
414412
962216
984760
634968
382829
125014
505059
937697
46340
268973
566722
752859
520758
611959
197294
295084
7789
926859
325844
510083
397592
951509
566118
723057
199157
626250
668772
180907
905849
944024
926032
429128
774268
250430
800118
97117
170542
922823
868041
963244
879796
326232
844577
299587
66838
428969
567995
249898
656320
435605
282868
86149
43085
688579
913648
364339
19936
446953
753653
704204
155105
194299
332353
608025
818629
409696
779838
946975
526828
920512
204000
644023
824634
490885
528982
839562
256433
546262
318628
606207
859869
153231
893349
584723
673261
353783
175018
186022
183668
319387
852987
486389
461584
884213
749054
42476
992289
347790
928277
555964
533985
257
907296
930408
129764
705754
73769
425257
121004
399407
378074
923659
687628
378246
231857
745091
164759
986460
393822
48188
95605
575260
81884
49876
778666
641019
75719
916280
647712
968494
943027
245830
514434
490728
884280
946417
9777
474511
216859
26957
31175
900306
701857
806536
333224
945615
489839
339613
840053
231122
774297
681320
205595
255897
120266
396575
660324
264868
710890
206652
838741
680241
36779
497238
73324
586550
930302
106986
585824
310747
103453
75124
846772
426328
383336
714616
670859
354315
109500
302343
99700
250202
802745
824377
547217
447267
756760
212984
708998
161339
456839
811433
751776
815486
837452
668460
112460
394521
890207
616536
276281
726305
774440
416488
706802
214931
389899
612616
272499
712724
844101
518654
438638
514354
672430
524813
329405
220630
329227
290784
53042
280407
32471
124912
919474
991327
661697
163294
969399
259746
141441
391380
774398
783924
528145
408813
150321
920856
227090
42209
271820
595007
385395
997557
735695
291836
579374
763657
959702
473024
784034
787582
835820
491316
626677
137202
707712
688357
28565
181999
441351
274097
390014
432895
506218
652324
215696
739379
175488
783395
366391
138698
354729
614608
32251
294539
71007
480515
276171
432069
289447
607407
115839
825161
134671
311327
379541
260368
270211
983095
502279
403577
372621
839417
748737
286418
294858
33690
898733
833325
571208
796786
561304
549377
117193
544468
733694
193131
210496
748410
921472
620998
35498
375288
13617
438742
726758
334538
219863
437253
630408
332733
414149
952578
1368
404272
987272
942807
911386
736250
845603
288862
691416
895426
695518
359623
907409
802
924858
297378
7435
259530
930276
286640
490627
709692
516701
975225
579787
776408
478061
302677
87358
715700
362056
682253
437784
744563
316829
438582
959881
549456
434014
826114
78739
114053
465160
132957
646811
280924
607050
495523
395497
547724
729266
368555
321261
120526
543735
795919
40277
888808
75323
733657
620029
113182
298338
459804
959116
123893
768526
825487
339388
574344
804282
771635
514651
590890
644540
962580
548270
258309
967159
86987
82055
697574
944072
720076
920128
96907
806849
285251
589936
645072
997160
106554
250742
215923
718520
299401
230209
482811
792302
600679
705220
956659
272337
37838
163570
144922
337380
598732
937847
498882
150034
428675
532799
574741
292966
180792
713348
77531
30035
540413
841966
337068
57679
911729
113790
763704
108121
805038
712937
420107
957396
79737
110394
360942
993477
333561
359755
301865
355229
945715
405395
120275
3846
303919
330135
338271
392401
584477
877097
888526
608094
476870
778959
997048
14878
805143
986891
947479
279661
705800
413855
747200
824237
631630
312867
929814
793617
384963
814662
163799
350154
477710
906844
139833
321670
86581
976561
145235
631025
932902
854811
732847
652707
683973
878521
546513
6445
805975
729381
342586
950657
54210
795517
701634
529906
331785
725110
881080
394673
989429
499947
92362
586339
428502
543564
723594
188540
126594
702241
656126
552051
737655
579544
823017
915019
992538
537501
730911
743057
218858
846856
250292
721146
814918
764188
64661
33717
916232
583191
138239
542428
10507
483978
580882
296165
160586
429210
503576
319359
845680
360956
696735
496687
8502
510718
578983
971645
586822
838004
351236
6872
367284
553041
208589
451032
619907
168931
383761
215262
549106
636342
356591
526211
673843
896253
163344
187360
405775
461083
283529
993902
667344
209336
781025
362313
734959
396473
366653
412251
699388
505078
157569
41956
645898
368445
167414
446046
492672
778929
660083
310941
463002
663950
520509
447510
282302
870878
208518
860904
750682
117978
991958
306102
146147
284114
537214
541473
124051
70180
35498
68545
537119
219353
372098
81399
313622
499934
372656
779005
151172
708512
16841
238114
496192
694131
78363
201911
714168
371037
577587
253828
582786
128547
863653
935202
764473
201031
842814
132128
838202
85127
944423
593716
438062
96652
115333
925990
846055
995317
645617
291798
856936
107754
956898
156892
709197
443598
892754
385589
703663
119452
405193
684995
163503
810186
961731
808606
551129
928409
641679
855421
922663
385013
262558
166326
986898
808167
985364
381821
961419
307974
978113
435857
454758
873675
517331
487316
583387
390848
455783
372526
892395
68347
787288
304322
194539
27857
810374
562208
314079
124825
549110
436001
13580
632017
814803
982389
839483
586758
287323
899097
749254
783174
650855
588051
32254
294265
554421
110994
356748
426761
271880
924398
896811
669987
920857
507203
798472
983502
520112
12178
899502
917727
503120
296056
991520
807607
939310
503957
674438
672637
481649
163752
298861
429258
478356
399691
252180
993256
625306
512211
951659
696937
660594
142731
801467
987696
286793
201813
603377
119915
391790
498275
683795
881729
639092
942461
985746
129799
667323
476062
371281
887638
401802
38287
220997
55816
265165
141638
951537
371529
661401
857525
629155
81838
918050
509344
698506
359802
748485
180953
753289
657023
31188
906596
570337
225607
980933
572447
796346
371917
708027
981474
906895
972564
414482
617935
859262
248277
839696
456732
993170
957480
868540
69455
669650
640187
958174
522108
704390
184303
358193
613522
69564
513290
975952
170045
810649
361371
875676
697204
619864
30567
120570
375029
926767
263215
486960
305204
156229
754725
784682
789734
492343
951392
144303
564641
811755
412485
877791
930271
459812
670933
636648
196528
81467
814479
824955
293597
232229
212323
805560
557600
95891
745009
279636
936439
507910
446778
837643
356381
328767
225607
750455
432642
362284
249453
995090
899448
157159
303169
226430
337194
642084
80257
785294
328691
911129
340673
934944
233494
436099
122102
407589
831705
61744
247473
226342
176054
206545
846958
422134
87505
548783
291192
258446
432494
441826
309794
58177
854582
365510
146786
348513
422066
704600
180551
850011
157603
701644
763442
192723
604724
65579
406526
190322
252308
178051
105430
216228
606956
79958
942286
24139
361835
419869
888720
537788
226114
545757
735352
888464
476135
417597
301049
220190
942590
83735
816582
327335
830221
253392
780004
298140
766910
323365
687234
829018
603092
976988
818254
424872
614947
186481
511107
852467
830938
859521
435106
264385
778451
392803
103083
702703
438865
700769
486604
259000
949421
752601
908995
602456
578104
702846
285950
697939
613048
418774
12528
111704
441167
16204
952475
241873
930379
979843
242950
635119
807958
586456
870000
156305
724939
446988
515055
286861
677834
79795
41033
853692
72651
357924
783127
503119
65145
612388
705427
101355
676744
63142
341165
899587
227002
518097
711626
566642
271321
889703
458916
492923
870073
833841
887928
295318
568839
493466
661382
710225
214123
522717
992469
479142
796517
534460
224937
738099
217249
236516
924590
680904
845312
65
445401
186076
31232
352022
592514
205771
269739
412963
253142
593183
726004
775199
136458
537866
802316
330818
155760
819323
201920
856505
34760
74852
595403
611865
81682
450421
820479
197604
883307
331958
148385
697410
413542
184704
88440
596671
899359
513740
125535
621943
147706
826121
761126
820419
371807
641804
559470
265485
327718
553123
594322
596978
442716
448759
32020
59217
165639
282451
368406
859451
352199
189894
343567
758060
682102
924045
855339
600408
932026
153055
13604
771023
251135
954296
316954
260641
116489
214461
42752
202369
944947
28050
93966
364776
198374
612233
597210
891382
812328
33244
3477
3064
602725
398005
608399
211069
566617
244778
746944
357457
136602
561274
666138
480770
95071
10548
266481
37362
952480
433218
318603
372781
350618
364619
534939
50066
680831
942964
630973
283539
83957
882468
975281
746307
634164
389743
757298
174031
855847
788175
63789
5397
630818
73454
405017
668059
510309
436445
1924
564770
60663
114101
226746
280001
903001
837256
210350
723223
571585
166836
702568
737149
282319
15342
843154
91984
197511
622632
278118
628163
558464
866200
119644
519148
515018
294265
117243
141969
159048
444792
889697
784956
621182
860896
875875
137420
470523
376510
81733
304652
229424
237149
298443
13653
777577
190584
192602
153648
543807
209484
777388
780212
406462
34217
646165
212107
769295
782244
914053
996470
960832
834337
659776
819759
244576
916788
394619
681222
573646
874697
467168
304934
717582
37737
451697
791479
244352
107266
68751
275398
924486
255761
977979
590257
713480
769745
871202
515817
656742
59458
641887
633695
309485
682587
396190
369176
464976
833608
940817
512688
787908
140391
246556
265008
372880
992048
404492
381295
89631
113221
62126
30230
295004
214382
490215
137633
952171
163921
333975
449986
198904
4823
191204
413637
659399
781843
947388
806431
824758
152652
578697
76277
355462
601379
55558
455263
430342
507236
394930
636825
412923
285729
211146
765104
545332
474334
494719
232190
867990
577756
396232
526799
384299
590597
123192
274528
230648
117375
481559
249372
571721
874107
153768
593676
255585
88574
824852
844147
15713
248069
774477
903571
80475
101254
848206
762297
277900
464433
861946
645933
72624
196576
436863
360657
774181
694843
4086
79345
152806
572243
528253
277430
727681
674963
614699
699651
552637
556846
510268
583728
36851
784757
525881
168971
35381
187933
974289
256817
575666
228018
691262
934163
232258
503701
562471
150878
986836
388814
93023
23014
484896
311403
941237
866193
533132
46913
482248
758259
622289
646901
603513
851069
316586
376728
189560
247441
714867
963411
79962
519300
64651
893996
899920
727896
135778
919145
273243
900727
187853
976525
474459
230258
569834
305861
239985
178221
465447
958918
568342
573435
914940
888217
685012
98480
410139
494219
673757
336153
235451
734209
354344
620139
338363
388279
834756
496685
369531
251663
257353
641978
393183
84559
425829
720494
836543
678431
603863
237343
730018
535390
41803
14661
738660
820161
81258
693639
102287
85924
343755
601783
7366
993742
583659
595461
388834
368703
505859
830079
249812
511449
768179
758560
314099
680290
21991
219521
792897
342804
956979
944389
702554
520372
713596
515395
900158
607633
208649
745288
618889
910189
762689
114489
228600
739511
192778
914186
120393
83051
543820
564017
379304
251359
249746
733670
297850
773670
691729
122352
75205
980772
785214
370913
424595
201465
440321
644270
400157
122382
348781
984959
82456
241264
30018
937004
965800
199371
343937
742993
375721
60151
780983
442364
515871
448158
983379
4980
79096
659934
934534
714638
179810
73820
716417
384781
479391
364986
34180
653332
352466
253890
33851
90587
254868
331203
824155
139747
61643
584863
49971
792729
687415
140344
212666
341126
409991
610073
424823
835674
494108
126511
714153
899513
992048
265758
153642
53697
865428
434343
898102
377845
803475
858650
662398
376156
977654
846439
96155
127147
340707
192878
206420
358894
737504
16597
34758
591575
811446
663965
892345
613677
732027
718661
781530
395048
561525
743820
434931
590404
892957
604364
239811
280497
366031
385152
606578
162883
44565
414473
608435
898682
950730
34042
920627
803433
131459
817180
159089
674796
104797
450108
483665
598270
387558
411731
121952
138789
542944
774737
578004
762560
694515
309022
64235
623097
227625
297362
670573
561270
299013
946197
494152
457160
591054
906749
403346
199890
504898
285895
475720
625869
733581
390262
884748
859894
863255
439905
849536
907434
281608
161422
404733
69471
231209
566908
56774
282594
4603
328338
355801
867662
530748
159359
748552
447652
297718
259715
956049
25969
917364
601355
425132
230263
530670
518988
688769
174659
150470
550599
935867
505569
136277
561279
398397
951293
635469
591542
422137
659236
210651
756153
913284
881067
67277
865197
232773
655045
418102
350866
79416
455824
80397
745875
565236
683991
967451
441824
329189
417801
781505
832201
136416
309000
712664
222490
424423
739552
207294
401589
878344
385118
21060
124658
568526
864203
424853
641349
83735
71713
38136
662025
207327
138236
64444
476732
434189
520265
532106
572062
724323
705192
71144
307983
230624
678277
990982
616576
142173
551165
650596
630423
611843
620132
154484
659232
971900
567171
722487
406821
190692
831374
650957
676392
971225
409545
559050
494261
970229
564872
470527
773694
896364
440390
461148
347804
612956
792619
966836
572985
487723
694877
466766
773733
646359
427751
622129
566107
461158
510626
940022
655651
868723
486531
911584
896456
390786
276591
707606
320300
12262
343401
192071
883624
804727
117625
335178
761707
970596
235123
973684
892529
41578
558459
697241
927690
721775
804078
622501
253589
539118
998955
307141
231092
903998
477842
85004
864680
687841
347964
218218
137756
977479
871095
501135
110505
88186
631341
410769
64985
137222
432118
241162
898258
370392
268105
361202
668297
878439
621492
857623
339548
502047
882696
414757
632894
367803
973067
383097
822832
819226
236933
680021
214534
464702
463707
462609
100505
138318
794335
754380
399298
418640
160075
199712
34116
98964
345802
116159
122947
844074
658860
139550
833319
372256
384952
89498
405756
550038
515405
964918
501794
758317
505454
388618
477396
116125
741195
334796
95867
43315
258933
835709
503258
133682
115837
328620
989297
627709
387367
189724
304794
794864
548327
918244
374088
919250
228919
258850
214048
499146
390608
691348
637194
807053
58472
379612
991050
975208
802941
76628
39830
733035
971377
715432
938008
588342
286442
290736
203688
738580
445803
171744
969019
374872
643569
751074
318192
151462
667605
640755
344217
968008
395860
221469
616021
352080
82778
254625
75045
588153
397468
383808
353326
34599
463468
426340
456490
277483
819340
395933
294260
279272
753416
868346
870202
654983
191240
563467
471919
598718
983682
356653
764880
173813
896230
328557
705012
693016
921128
775271
305381
481318
812652
22614
805517
575238
489016
236977
352657
24541
803030
582333
575604
726548
625554
810586
643148
307578
903731
571471
712297
956711
815164
727601
944441
910146
226121
869439
316325
703619
20316
952961
612882
358756
896741
749151
341974
308629
687621
298237
24126
728969
118333
447262
185448
875969
528176
453009
746046
684432
28078
909820
528524
485736
78782
992203
330605
288029
96346
275864
502471
145265
66447
867288
106522
891739
870385
444124
867728
764435
51506
598380
411217
411719
467372
13834
857066
145473
218264
443531
227722
756539
715206
807263
7869
228861
987833
46901
819805
626645
599974
682073
838576
218907
930915
454604
184887
354323
687461
240989
147848
729358
794403
940931
442073
117317
698733
641143
211615
733663
249504
97601
652698
648400
795253
576583
981831
31232
735471
733001
940661
18294
567625
224895
166691
734604
407448
538086
55492
739511
18367
375244
577628
61185
252117
8785
738587
387606
376335
540839
108454
692330
148614
265202
418724
416113
229385
44085
277043
81082
726976
828849
423277
111695
663358
839827
636316
113551
818606
322895
767440
349286
621995
209262
257132
181459
698622
66582
875673
843152
856798
710370
135458
158640
37879
802830
431776
20631
647113
787837
134565
790125
484834
598284
426139
318129
549242
886443
550386
192697
407240
930543
200808
354005
352837
308433
677014
178078
951840
687691
489197
226275
337592
277249
654270
29034
613644
590408
137913
48477
378628
14066
237594
458988
669225
94054
245780
372571
370217
521971
625978
760480
834531
449239
14175
269835
429520
634373
796730
80709
446914
966742
168949
433625
16120
845721
564034
624342
525071
920975
17922
310539
880995
802969
419820
421631
296778
742904
830168
568370
985330
28876
560183
661768
962356
263661
152344
148808
151188
741177
423919
641667
529999
105016
669965
357551
372472
347347
318367
605297
251289
471794
800973
927722
770506
863479
707132
81242
702797
273098
876497
311152
951439
922400
129533
552424
628901
211593
833877
95252
788614
143727
491938
572885
23455
421936
619556
851883
652559
27183
397442
462675
748899
901473
872883
4340
199053
252140
979393
11197
351085
379652
89454
313246
224499
418706
988606
213819
394130
118504
663253
456006
786014
889549
493765
614484
250180
490262
458755
492697
986917
591994
847124
414608
26157
911123
743209
153059
844069
210882
889550
146561
853024
715894
14394
302205
218040
306549
436822
324104
353573
627284
144709
97332
271964
305810
826455
147742
619289
545647
574451
254167
522944
741087
463009
275525
784004
658563
389664
408719
280866
100652
227439
32879
680996
598470
3513
531456
205930
145775
1443
591464
668994
975317
195200
17859
728274
269121
825856
889056
152884
858140
188797
88275
578283
711955
726870
176063
930885
788844
13531
426517
590595
847943
968820
222835
425539
563004
679415
869987
294885
735028
469111
378243
189348
323845
891321
617243
464879
863483
270519
339500
254285
125796
516711
837664
699931
241940
586044
117207
37435
936262
465804
282826
488001
86893
64033
81904
360647
806026
151854
127577
240027
934539
966428
481582
801395
596219
848081
780898
897203
813581
271976
365739
937168
666959
771270
135065
897995
897262
467937
172354
953042
865654
229326
825080
947477
643435
146158
847365
838710
522094
880437
834093
498786
617734
668516
337
492039
157140
932705
539355
348195
888064
33590
754203
95031
741809
550149
993622
206107
134302
73311
212965
783547
661580
610806
598526
987456
18571
632583
286277
219824
319923
55557
589013
929719
46759
777811
280224
144335
656256
853404
434043
279494
890849
150669
594693
508366
526508
173367
911548
485538
409739
867116
496835
533650
968455
266128
17067
100673
414417
703115
543638
2335
867870
786674
692242
564046
72119
458171
784257
126691
996493
198587
885546
137251
918277
458340
530100
74128
782372
712025
690954
96231
909445
284306
616489
912893
904689
529296
112021
38652
473825
802688
644886
18760
213681
357800
428012
350807
815954
102442
854572
204146
863546
465288
105358
567932
470688
241209
144419
334018
394026
724922
52945
281968
714488
48171
270658
874030
654641
969667
152398
169511
690192
967526
803972
328909
559809
977721
89105
709563
40182
451029
270783
476938
275258
301383
8560
334106
287588
603633
473158
869294
683429
711354
519193
355364
390490
382250
840154
937727
470451
943506
412477
193633
350566
27918
178380
49812
761250
32927
27432
892373
683576
725843
446569
702762
851358
556927
187734
797649
345987
728076
659355
557485
112050
746764
170371
858274
889739
868340
326012
414019
187871
65106
439722
904240
806280
251727
147559
827587
649101
445798
89363
278968
27021
340074
454904
804251
75613
910073
677920
329709
126548
660757
790017
335856
489751
602999
832728
689711
618275
814162
832243
420127
290424
557786
53995
601834
796293
486095
871391
653934
55836
585051
71681
752470
255843
835426
531461
480998
384470
105412
872117
950096
288507
893383
677709
996484
828205
591075
550675
919017
888720
359587
907113
669460
41432
572269
707882
331553
344387
646041
669188
210069
592605
682228
289655
772015
959267
869997
217151
42289
485952
19542
96355
25106
358775
700788
701748
729406
493782
519671
490443
558707
981686
22883
214146
163417
239741
527358
893695
483623
424451
332678
575558
727897
19916
891272
578807
813126
390138
552553
637548
793094
69365
137334
58771
119108
739943
567569
760059
23218
791806
86314
46941
441959
74044
253688
660375
346614
168226
604241
879930
493947
697808
643474
664870
424987
871669
490544
764164
195572
120719
494995
234695
261577
696485
675657
637446
879475
305761
98034
297435
372139
815364
609015
387033
62375
953293
141921
762296
721606
133720
47972
951173
313478
989716
187716
985711
339033
223353
478242
865649
647140
726130
865491
946812
272484
72123
682955
372297
957342
698458
56159
508155
170483
946123
754254
625657
776149
982235
941688
366348
815837
547703
646380
166337
396655
599819
685454
15102
805969
501424
189254
338044
893665
69233
857942
193787
591527
768721
216368
481709
647826
136429
565098
845251
314897
260859
132636
724911
75614
18829
143628
467767
907558
987370
715739
536927
725614
890905
647859
200912
770942
617234
101505
43604
496166
755771
248562
977378
764933
789994
2752
200556
887723
693047
406805
571314
291219
221770
662350
999658
548280
821
680039
713632
118076
628885
285629
139794
688628
420242
672850
48515
729916
691097
957774
633598
216659
691278
344353
45661
137761
79293
548005
548158
654383
404464
656853
445427
183733
236420
345938
130830
472809
445340
262944
155528
975338
740042
39674
644363
284084
28809
348567
198043
228674
769362
314809
595312
802001
952168
148141
146553
305151
886831
90517
890543
237715
759706
429803
622326
842578
220030
529483
36744
962429
76053
513145
928493
463438
103548
530848
569085
674821
866933
702284
274892
217228
982660
247096
669696
756922
379409
981474
639718
215943
822418
310842
2662
360716
530225
227714
69485
459379
291013
432756
726236
982339
910322
82418
488913
994079
897465
97233
285934
904552
558255
493738
747329
646628
904843
764396
426054
6440
661561
153907
805095
893743
247815
991073
994755
120832
759002
259692
497523
142245
745031
976774
755916
884789
829289
460788
611580
589532
98947
703239
810905
518477
270141
186125
694807
85352
979495
100324
564798
545855
812937
162249
614529
388229
985769
259148
488712
21730
456508
137737
95387
292410
62902
530702
315138
789498
336350
340783
716581
679171
494608
275014
492265
742309
28118
432968
415582
535663
558540
147428
297850
918188
698219
37462
822365
724296
411861
689371
477101
675580
175944
101931
983582
186060
978022
731936
425956
82003
961691
315145
572151
735049
132771
684975
90362
888201
171071
731201
249291
904005
231334
182940
222940
257899
425726
604293
278899
362035
466200
955365
122295
797237
70929
49471
582005
691389
637411
447343
152090
444368
192580
533223
532022
159557
608556
919890
802705
726631
638792
758050
448499
333391
318312
598586
333441
829733
812135
727303
307907
738713
649814
968968
982795
423850
251495
306901
390927
950859
99982
223484
318329
475119
912478
749687
447567
103750
60448
46136
127690
511251
105179
912429
239983
726666
823757
521162
439638
639213
481093
530006
329593
908392
850468
550309
489393
201865
194655
138300
776643
211040
919918
288210
693030
599281
258434
181882
879473
84205
859435
60547
285117
273751
40516
525540
397928
650716
117021
708390
189893
512536
780403
600689
442447
867379
771076
549812
786397
493374
671001
930034
903018
18133
803046
182204
647365
835827
129992
220549
480019
689696
811876
41348
232248
923763
938339
238796
317436
173682
41519
843612
719562
209588
562890
270070
311687
986515
939740
465817
234871
371059
39208
931417
685903
421549
399080
688013
980988
102686
479657
764851
187032
984168
912013
771599
759731
839300
674628
841809
278046
959860
16499
306925
407826
573067
112106
66471
123503
52329
159662
650625
893664
767233
484071
376210
807244
454487
203065
775268
413027
99445
885904
696263
482078
645
164837
320514
681774
559364
969435
491814
429051
987858
255163
397579
938616
210553
911346
990031
664364
183673
220926
91891
878261
739375
859443
945223
112074
470458
800085
261159
581954
425179
545638
77113
619676
813093
897673
859662
425692
680871
448539
530951
325559
831770
882923
130275
715119
75697
399286
683990
625339
313266
379993
298094
850981
700310
506853
465824
828705
960579
434475
91618
117273
482083
446828
632683
402371
502875
174247
33882
319499
294464
333589
748700
802093
509100
911862
786389
985058
333866
366000
317362
923807
607048
740948
89253
785905
503692
547310
649718
389346
663322
697379
859868
639734
536227
243505
231291
415746
852372
812028
961231
351659
581945
286296
631927
705785
548425
461469
368224
203987
130515
803650
443049
111945
767087
62107
705331
812182
237794
482900
430230
354749
395605
152120
818610
316019
879715
337053
412016
1219
674954
794125
498065
635225
870487
128727
652374
748632
854948
741401
920543
187325
898679
729035
161574
714065
25363
203954
41764
459689
228591
806668
130048
272222
97245
421977
531250
938880
208576
624604
469733
455550
186116
890466
921230
130035
788396
290459
785276
360824
877137
598789
375449
227863
949984
971884
649838
745111
739476
16012
294720
492432
83285
240746
436508
818994
569044
338878
927943
463507
694079
29971
189094
13333
903317
255148
807431
626008
145079
841877
598034
478406
17660
28808
622592
988898
242892
643995
882194
75170
17729
895124
706028
944238
491751
328600
760915
192912
12630
709729
772798
191698
43885
544012
2397
933603
750400
333564
488063
704754
505794
382212
924257
603408
393579
130908
482418
837723
838321
560427
660900
107034
927211
954134
353518
977493
707538
895474
125057
717181
321682
15266
358917
863371
428017
410537
879866
162163
438176
108791
73061
183439
234522
741311
335206
821753
949531
923342
874889
402364
435272
566279
863216
795912
405465
624652
714676
462450
961808
542229
192561
58959
935406
937506
663352
474232
966574
912192
110209
611505
511580
421019
20171
345269
424095
688656
466828
781930
200581
208227
806647
602241
38048
212873
910854
634246
511208
726220
21530
765359
43415
516429
150276
794135
820615
144319
82212
718906
6563
902983
488186
631603
568206
35202
944402
119287
175156
178759
610629
179831
602175
557511
746335
18945
732963
890737
661094
398407
300946
56871
425403
248412
871466
135520
58205
478004
960778
346743
501065
969667
31925
190954
802635
303686
511574
835448
113803
265724
149456
147991
287767
38875
38254
577215
760933
574856
979457
212622
245685
188091
94023
494172
138465
86844
371049
45664
560863
124093
991437
595804
352088
210880
807916
21995
203777
784268
478339
37500
493477
100958
681434
16408
278673
111957
795910
383003
542337
325861
601129
512947
869196
17077
983254
111561
143002
184804
870021
248505
275358
274125
65437
149103
149250
819217
496351
668780
894038
311810
705823
891754
239761
394472
514157
654943
972323
541599
555080
737069
284994
144558
724525
871164
224853
239877
915825
11937
121849
924795
230336
898193
124394
647296
562548
837310
8918
313494
604070
969411
768317
855539
625192
784824
730212
119485
950600
766754
70171
184813
103150
898711
519487
38955
793375
817559
2056
485963
263220
233272
405363
432181
591286
663163
135761
369673
616815
932258
389592
269632
13018
300082
379923
652206
428023
472303
266425
750888
231929
765104
814232
485782
84660
369046
73358
77980
612054
338105
749550
316829
101690
332889
740138
936848
715420
310817
366062
612159
105701
770624
809050
698582
997773
234317
946033
304636
886244
363917
276973
45745
685549
369640
512497
33149
160779
131846
160775
434370
433303
714749
572133
448493
524884
19328
547160
639469
153559
702656
9141
935353
352691
24100
425289
933073
393808
438859
47825
233988
345408
60816
699651
54617
486571
254727
78223
698322
887110
224589
589554
944568
799214
838495
465628
732550
308164
305497
840656
423643
608524
620033
254159
881729
535306
515273
712610
331619
638288
908876
598293
907675
743082
499675
776190
950679
515534
406792
137981
696815
381781
956217
578456
271944
291058
815953
184804
678757
501239
84533
225009
699654
850853
94577
872454
816978
780564
798185
194607
366556
218911
128813
428960
840094
58642
574818
484856
922246
709797
223363
616588
816829
702225
937395
399014
590659
999601
176541
372898
720796
826232
16746
954594
706078
518229
453699
774315
232424
529963
103353
805150
43116
704069
17381
672853
985486
858642
288170
17944
803187
921612
844307
299857
659524
121689
98834
548495
823477
246552
443740
369079
907266
243870
314333
686110
535438
960574
419213
580593
422678
151079
915367
593276
769201
683816
783694
990229
745004
635494
811514
589493
972260
938475
696150
400146
770191
45989
505071
327395
24528
987025
485966
526618
487520
321713
469921
811637
270655
394319
338920
99788
893790
116512
227425
664737
133060
628327
289689
683726
51833
500485
268134
860890
985390
51567
640677
323843
73522
720186
859754
518811
481061
779877
999076
840196
60852
990615
727181
492525
626377
773503
489820
388616
208158
702304
278817
922059
142439
274767
244655
981071
475529
917319
233502
115816
891288
828558
237066
629365
564971
225727
622028
809766
855207
794297
334337
970745
113823
721495
456900
389246
487336
332308
12928
790777
878818
768816
387181
806004
584358
605370
860479
331493
843319
660904
557006
254672
90673
652070
561328
846385
165169
1416
770774
446057
873413
898423
277181
845165
267685
64869
486464
188238
911603
386306
894486
137741
856992
920546
224066
125497
